2-D example that involves solute transport, evaporation, and plant transpiration
350.0 0. 0.    /A2 -- TMAX, STIM, ANG
m   day g       /A3 -- ZUNIT, TUNIT, CUNX
50 58    /A4 -- NXR, NLY
21 2000    /A5 -- NRECH, NUMT
F T T      /A6 -- RAD, ITSTOP, TRANS
T T F     /A6A -- CIS, CIT, SORP
F F F F F     /A7 -- F11P, F7P, F8P, F9P, F6P
F F T F F      /A8 -- THPT, SPNT, PPNT, HPNT, VPNT
0 1     /A9 -- IFAC, FACX. A10 begins next line: DXR
0.1640625 0.1640625 0.1640625 0.1640625 0.1640625 0.1640625 0.1640625 0.1640625 0.1640625 0.1640625 
0.1640625 0.1640625 0.1640625 0.1640625 0.1640625 0.1640625 0.1640625 0.1640625 0.1640625 0.1640625 
0.1640625 0.1640625 0.1640625 0.1640625 0.1640625 0.1640625 0.1640625 0.1640625 0.1640625 0.1640625 
0.1640625 0.1640625 0.1640625 0.1640625 0.1640625 0.1640625 0.1640625 0.1640625 0.1640625 0.1640625 
0.1640625 0.1640625 0.1640625 0.1640625 0.1640625 0.1640625 0.1640625 0.1640625 0.1640625 0.1640625
0 1     /A11 -- JFAC, FACZ. A12 begins next line: DELZ
0.072916664 0.072916664 0.044744316 0.059422348 0.058238637 0.04592803 0.07173295 0.06368371 0.053977273 0.060606062 
0.057054926 0.06794508 0.04971591 0.054450758 0.06321023 0.051373105 0.066287875 0.06912879 0.048532195 0.05563447 
0.062026516 0.052556816 0.065104164 0.080729164 0.036931816 0.117660984 0.117660984 0.117660984 0.117660984 0.117660984 
0.117660984 0.117660984 0.117660984 0.117660984 0.117660984 0.117660984 0.117660984 0.117660984 0.117660984 0.117660984 
0.117660984 0.117660984 0.117660984 0.117660984 0.117660984 0.117660984 0.117660984 0.117660984 0.117660984 0.117660984 
0.117660984 0.117660984 0.117660984 0.117660984 0.117660984 0.117660984 0.117660984 0.117660984
1.0E-4 0.7 0.5 1.0E-4     /B1 -- EPS, HMAX, WUS, EPS1
2 110     /B3 -- MINIT, ITMAX
T     /B4 -- PHRD
3 6 6     /B5 -- NTEX, NPROP, NPROP1
1 1     /B5A -- hydraulicFunctionType, adsorptionType
1     /B6 -- ITEX. B7 to begin next line: HK
1.0 0.0 0.0 0.0 0.0 0.0 0.0
0.0 0.0 0.0 0.0 0.0 0     /B7A -- HT
2     /B6 -- ITEX. B7 to begin next line: HK
1.0 0.314 0.0 0.39 5.9 0.1 1.48
0.5 0.5 0.0 0.0 0.0 0     /B7A -- HT
3     /B6 -- ITEX. B7 to begin next line: HK
1.0 0.108 0.0 0.45 2.0 0.067 1.41
0.5 0.5 0.0 0.0 0.0 0     /B7A -- HT
0     /B8 -- IROW. B9 begins next line: JTEX
1 1 1 1 1 1 1 1 1 1 1 1 1 1 1 1 1 1 1 1 1 1 1 1 1 1 1 1 1 1 1 1 1 1 1 1 1 1 1 1 1 1 1 1 1 1 1 1 1 1 
1 1 1 1 1 1 1 1 1 1 1 1 1 1 1 1 1 1 1 1 1 1 1 1 1 1 1 1 2 2 2 2 2 2 2 2 2 2 2 2 2 2 2 2 2 2 2 2 2 1
1 1 1 1 1 1 1 1 1 1 1 1 1 1 1 1 1 1 1 1 1 1 1 1 1 1 1 2 2 2 2 2 2 2 2 2 2 2 2 2 2 2 2 2 2 2 2 2 2 1
1 1 1 1 1 1 1 1 1 1 1 1 1 1 1 1 1 1 1 1 1 1 1 1 1 1 1 2 2 2 2 2 2 2 2 2 2 2 2 2 2 2 2 2 2 2 2 2 2 1
1 1 1 1 1 1 1 1 1 1 1 1 1 1 1 1 1 1 1 1 1 1 1 1 1 1 2 2 2 2 2 2 2 2 2 2 2 2 2 2 2 2 2 2 2 2 2 2 2 1
1 1 1 1 1 1 1 1 1 1 1 1 1 1 1 1 1 1 1 1 1 1 1 1 1 1 2 2 2 2 2 2 2 2 2 2 2 2 2 2 2 2 2 2 2 2 2 2 2 1
1 1 1 1 1 1 1 1 1 1 1 1 1 1 1 1 1 1 1 1 1 1 1 1 1 2 2 2 2 2 2 2 2 2 2 2 2 2 2 2 2 2 2 2 2 2 2 2 2 1
1 1 1 1 1 1 1 1 1 1 1 1 1 1 1 1 1 1 1 1 1 1 1 1 1 2 2 2 2 2 2 2 2 2 2 2 2 2 2 2 2 2 2 2 2 2 2 2 2 1
1 1 1 1 1 1 1 1 1 1 1 1 1 1 1 1 1 1 1 1 1 1 1 1 2 2 2 2 2 2 2 2 2 2 2 2 2 2 2 2 2 2 2 2 2 2 2 2 2 1
1 1 1 1 1 1 1 1 1 1 1 1 1 1 1 1 1 1 1 1 1 1 1 2 2 2 2 2 2 2 2 2 2 2 2 2 2 2 2 2 2 2 2 2 2 2 2 2 2 1
1 1 1 1 1 1 1 1 1 1 1 1 1 1 1 1 1 1 1 1 1 1 1 2 2 2 2 2 2 2 2 2 2 2 2 2 2 2 2 2 2 2 2 2 2 2 2 2 2 1
1 1 1 1 1 1 1 1 1 1 1 1 1 1 1 1 1 1 1 1 1 1 2 2 2 2 2 2 2 2 2 2 2 2 2 2 2 2 2 2 2 2 2 2 2 2 2 2 2 1
1 1 1 1 1 1 1 1 1 1 1 1 1 1 1 1 1 1 1 1 1 1 2 2 2 2 2 2 2 2 2 2 2 2 2 2 2 2 2 2 2 2 2 2 2 2 2 2 2 1
1 1 1 1 1 1 1 1 1 1 1 1 1 1 1 1 1 1 1 1 1 2 2 2 2 2 2 2 2 2 2 2 2 2 2 2 2 2 2 2 2 2 2 2 2 2 2 2 2 1
1 1 1 1 1 1 1 1 1 1 1 1 1 1 1 1 1 1 1 1 1 2 2 2 2 2 2 2 2 2 2 2 2 2 2 2 3 3 2 2 2 2 2 2 2 2 2 2 2 1
1 1 1 1 1 1 1 1 1 1 1 1 1 1 1 1 1 1 1 1 2 2 2 2 2 2 2 2 2 2 2 3 3 3 3 3 3 3 2 2 2 2 2 2 2 2 2 2 2 1
1 1 1 1 1 1 1 1 1 1 1 1 1 1 1 1 1 1 1 1 2 2 2 2 2 2 2 2 2 2 2 3 3 3 3 3 3 3 2 2 2 2 2 2 2 2 2 2 2 1
1 1 1 1 1 1 1 1 1 1 1 1 1 1 1 1 1 1 1 2 2 2 2 2 2 2 2 2 2 2 3 3 3 3 3 3 3 2 2 2 2 2 2 2 2 2 2 2 2 1
1 2 2 2 2 2 2 2 2 2 2 2 2 2 2 2 2 2 2 2 2 2 2 2 2 2 2 2 2 3 3 3 3 3 3 3 3 2 2 2 2 2 2 2 2 2 2 2 2 1
1 2 2 2 2 2 2 2 2 2 2 2 2 2 2 2 2 2 2 2 2 2 2 2 2 2 2 2 2 3 3 3 3 3 3 3 2 2 2 2 2 2 2 2 2 2 2 2 2 1
1 2 2 2 2 2 2 2 2 2 2 2 2 2 2 2 2 2 2 2 2 2 2 2 2 2 2 2 3 3 3 3 3 3 3 3 2 2 2 2 2 2 2 2 2 2 2 2 2 1
1 2 2 2 2 2 2 2 2 2 2 2 2 2 2 2 2 2 2 2 2 2 2 2 2 2 2 2 3 3 3 3 3 3 3 3 2 2 2 2 2 2 2 2 2 2 2 2 2 1
1 2 2 2 2 2 2 2 2 2 2 2 2 2 2 2 2 2 2 2 2 2 2 2 2 2 2 3 3 3 3 3 3 3 3 2 2 2 2 2 2 2 2 2 2 2 2 2 2 1
1 2 2 2 2 2 2 2 2 2 2 2 2 2 2 2 2 2 2 2 2 2 2 2 2 2 3 3 3 3 3 3 3 3 3 2 2 2 2 2 2 2 2 2 2 2 2 2 2 1
1 2 2 2 2 2 2 2 2 2 2 2 2 2 2 2 2 2 2 2 2 2 2 2 2 2 3 3 3 3 3 3 3 3 2 2 2 2 2 2 2 2 2 2 2 2 2 2 2 1
1 2 2 2 2 2 2 2 2 2 2 2 2 2 2 2 2 2 2 2 2 2 2 2 2 3 3 3 3 3 3 3 3 3 2 2 2 2 2 2 2 2 2 2 2 2 2 2 2 1
1 2 2 2 2 2 2 2 2 2 2 2 2 2 2 2 2 2 2 2 2 2 2 2 3 3 3 3 3 3 3 3 3 2 2 2 2 2 2 2 2 2 2 2 2 2 2 2 2 1
1 2 2 2 2 2 2 2 2 2 2 2 2 2 2 2 2 2 2 2 2 2 3 3 3 3 3 3 3 3 3 3 2 2 2 2 2 2 2 2 2 2 2 2 2 2 2 2 2 1
1 2 2 2 2 2 2 2 2 2 2 2 2 2 2 2 2 2 2 2 2 3 3 3 3 3 3 3 3 3 3 2 2 2 2 2 2 2 2 2 2 2 2 2 2 2 2 2 2 1
1 2 2 2 2 2 2 2 2 2 2 2 2 2 2 2 2 2 2 2 3 3 3 3 3 3 3 3 3 3 2 2 2 2 2 2 2 2 2 2 2 2 2 2 2 2 2 2 2 1
1 2 2 2 2 2 2 2 2 2 2 2 2 2 2 2 2 3 3 3 3 3 3 3 3 3 3 3 3 3 2 2 2 2 2 2 2 2 2 2 2 2 2 2 2 2 2 2 2 1
1 2 2 2 2 2 2 2 2 2 2 3 3 3 3 3 3 3 3 3 3 3 3 3 3 3 3 3 3 2 2 2 2 2 2 2 2 2 2 2 2 2 2 2 2 2 2 2 2 1
1 2 2 2 2 2 2 2 2 3 3 3 3 3 3 3 3 3 3 3 3 3 3 3 3 3 3 3 2 2 2 2 2 2 2 2 2 2 2 2 2 2 2 2 2 2 2 2 2 1
1 2 2 2 2 2 2 2 2 3 3 3 3 3 3 3 3 3 3 3 3 3 3 3 3 3 3 2 2 2 2 2 2 2 2 2 2 2 2 2 2 2 2 2 2 2 2 2 2 1
1 2 2 2 2 2 2 2 3 3 3 3 3 3 3 3 3 3 3 3 3 3 3 3 3 3 2 2 2 2 2 2 2 2 2 2 2 2 2 2 2 2 2 2 2 2 2 2 2 1
1 2 2 2 2 2 2 2 3 3 3 3 3 3 3 3 3 3 3 3 3 3 2 2 2 2 2 2 2 2 2 2 2 2 2 2 2 2 2 2 2 2 2 2 2 2 2 2 2 1
1 2 2 2 2 2 2 2 3 3 3 3 3 3 3 3 3 3 2 2 2 2 2 2 2 2 2 2 2 2 2 2 2 2 2 2 2 2 2 2 2 2 2 2 2 2 2 2 2 1
1 2 2 2 2 2 2 3 3 3 3 3 3 3 2 2 2 2 2 2 2 2 2 2 2 2 2 2 2 2 2 2 2 2 2 2 2 2 2 2 2 2 2 2 2 2 2 2 2 1
1 2 2 2 2 2 2 3 3 3 2 2 2 2 2 2 2 2 2 2 2 2 2 2 2 2 2 2 2 2 2 2 2 2 2 2 2 2 2 2 2 2 2 2 2 2 2 2 2 1
1 2 2 2 2 2 2 2 2 2 2 2 2 2 2 2 2 2 2 2 2 2 2 2 2 2 2 2 2 2 2 2 2 2 2 2 2 2 2 2 2 2 2 2 2 2 2 2 2 1
1 2 2 2 2 2 2 2 2 2 2 2 2 2 2 2 2 2 2 2 2 2 2 2 2 2 2 2 2 2 2 2 2 2 2 2 2 2 2 2 2 2 2 2 2 2 2 2 2 1
1 2 2 2 2 2 2 2 2 2 2 2 2 2 2 2 2 2 2 2 2 2 2 2 2 2 2 2 2 2 2 2 2 2 2 2 2 2 2 2 2 2 2 2 2 2 2 2 2 1
1 2 2 2 2 2 2 2 2 2 2 2 2 2 2 2 2 2 2 2 2 2 2 2 2 2 2 2 2 2 2 2 2 2 2 2 2 2 2 2 2 2 2 2 2 2 2 2 2 1
1 2 2 2 2 2 2 2 2 2 2 2 2 2 2 2 2 2 2 2 2 2 2 2 2 2 2 2 2 2 2 2 2 2 2 2 2 2 2 2 2 2 2 2 2 2 2 2 2 1
1 2 2 2 2 2 2 2 2 2 2 2 2 2 2 2 2 2 2 2 2 2 2 2 2 2 2 2 2 2 2 2 2 2 2 2 2 2 2 2 2 2 2 2 2 2 2 2 2 1
1 2 2 2 2 2 2 2 2 2 2 2 2 2 2 2 2 2 2 2 2 2 2 2 2 2 2 2 2 2 2 2 2 2 2 2 2 2 2 2 2 2 2 2 2 2 2 2 2 1
1 2 2 2 2 2 2 2 2 2 2 2 2 2 2 2 2 2 2 2 2 2 2 2 2 2 2 2 2 2 2 2 2 2 2 2 2 2 2 2 2 2 2 2 2 2 2 2 2 1
1 2 2 2 2 2 2 2 2 2 2 2 2 2 2 2 2 2 2 2 2 2 2 2 2 2 2 2 2 2 2 2 2 2 2 2 2 2 2 2 2 2 2 2 2 2 2 2 2 1
1 2 2 2 2 2 2 2 2 2 2 2 2 2 2 2 2 2 2 2 2 2 2 2 2 2 2 2 2 2 2 2 2 2 2 2 2 2 2 2 2 2 2 2 2 2 2 2 2 1
1 2 2 2 2 2 2 2 2 2 2 2 2 2 2 2 2 2 2 2 2 2 2 2 2 2 2 2 2 2 2 2 2 2 2 2 2 2 2 2 2 2 2 2 2 2 2 2 2 1
1 2 2 2 2 2 2 2 2 2 2 2 2 2 2 2 2 2 2 2 2 2 2 2 2 2 2 2 2 2 2 2 2 2 2 2 2 2 2 2 2 2 2 2 2 2 2 2 2 1
1 2 2 2 2 2 2 2 2 2 2 2 2 2 2 2 2 2 2 2 2 2 2 2 2 2 2 2 2 2 2 2 2 2 2 2 2 2 2 2 2 2 2 2 2 2 2 2 2 1
1 2 2 2 2 2 2 2 2 2 2 2 2 2 2 2 2 2 2 2 2 2 2 2 2 2 2 2 2 2 2 2 2 2 2 2 2 2 2 2 2 2 2 2 2 2 2 2 2 1
1 2 2 2 2 2 2 2 2 2 2 2 2 2 2 2 2 2 2 2 2 2 2 2 2 2 2 2 2 2 2 2 2 2 2 2 2 2 2 2 2 2 2 2 2 2 2 2 2 1
1 2 2 2 2 2 2 2 2 2 2 2 2 2 2 2 2 2 2 2 2 2 2 2 2 2 2 2 2 2 2 2 2 2 2 2 2 2 2 2 2 2 2 2 2 2 2 2 2 1
1 2 2 2 2 2 2 2 2 2 2 2 2 2 2 2 2 2 2 2 2 2 2 2 2 2 2 2 2 2 2 2 2 2 2 2 2 2 2 2 2 2 2 2 2 2 2 2 2 1
1 2 2 2 2 2 2 2 2 2 2 2 2 2 2 2 2 2 2 2 2 2 2 2 2 2 2 2 2 2 2 2 2 2 2 2 2 2 2 2 2 2 2 2 2 2 2 2 2 1
1 1 1 1 1 1 1 1 1 1 1 1 1 1 1 1 1 1 1 1 1 1 1 1 1 1 1 1 1 1 1 1 1 1 1 1 1 1 1 1 1 1 1 1 1 1 1 1 1 1 
2 1.0     /B11 -- IREAD, FACTOR
4.6041665 -2.0     /B12 -- DWTX, HMIN
T T      /B14 -- BCIT, ETSIM
4 90.0     /B15 -- NPV, ETCYC
0.001 0.001 0.002 0.001      /B16 -- PEVAL
0.02 0.02 0.02 0.02      /B17 -- RDC(1,J)
-10000.0 -10000.0 -10000.0 -10000.0      /B18 -- RDC(2,J)
0.0 0.002 0.003 0.002      /B19 -- PTVAL
2.0 2.0 2.0 2.0      /B20 -- RDC(3,J)
0.005 0.005 0.005 0.005      /B21 -- RDC(4,J)
0.005 0.005 0.005 0.005      /B22 -- RDC(5,J)
-150.0 -150.0 -150.0 -150.0      /B23 -- RDC(6,J)
1 1.0     /B24 -- IREAD, FACTOR
5 'free'     /B25 -- IU, IFMT. Initial values to follow.
0.0 0.0 0.0 0.0 0.0 0.0 0.0 0.0 0.0 0.0 0.0 0.0 0.0 0.0 0.0 0.0 0.0 0.0 0.0 0.0 
0.0 0.0 0.0 0.0 0.0 0.0 0.0 0.0 0.0 0.0 0.0 0.0 0.0 0.0 0.0 0.0 0.0 0.0 0.0 0.0 
0.0 0.0 0.0 0.0 0.0 0.0 0.0 0.0 0.0 0.0 
0.0 0.0 0.0 0.0 0.0 0.0 0.0 0.0 0.0 0.0 0.0 0.0 0.0 0.0 0.0 0.0 0.0 0.0 0.0 0.0 
0.0 0.0 0.0 0.0 0.0 0.0 0.0 0.0 0.0 0.0 0.0 0.0 0.0 0.0 0.0 0.0 0.0 0.0 0.0 0.0 
0.0 0.0 0.0 0.0 0.0 0.0 0.0 0.0 0.0 0.0
0.0 0.0 0.0 0.0 0.0 0.0 0.0 0.0 0.0 0.0 0.0 0.0 0.0 0.0 0.0 0.0 0.0 0.0 0.0 0.0 
0.0 0.0 0.0 0.0 0.0 0.0 0.0 0.0 0.0 0.0 0.0 0.0 0.0 0.0 0.0 0.0 0.0 0.0 0.0 0.0 
0.0 0.0 0.0 0.0 0.0 0.0 0.0 0.0 0.0 0.0
0.0 0.0 0.0 0.0 0.0 0.0 0.0 0.0 0.0 0.0 0.0 0.0 0.0 0.0 0.0 0.0 0.0 0.0 0.0 0.0 
0.0 0.0 0.0 0.0 0.0 0.0 0.0 0.0 0.0 0.0 0.0 0.0 0.0 0.0 0.0 0.0 0.0 0.0 0.0 0.0 
0.0 0.0 0.0 0.0 0.0 0.0 0.0 0.0 0.0 0.0
0.0 0.0 0.0 0.0 0.0 0.0 0.0 0.0 0.0 0.0 0.0 0.0 0.0 0.0 0.0 0.0 0.0 0.0 0.0 0.0 
0.0 0.0 0.0 0.0 0.0 0.0 0.0 0.0 0.0 0.0 0.0 0.0 0.0 0.0 0.0 0.0 0.0 0.0 0.0 0.0 
0.0 0.0 0.0 0.0 0.0 0.0 0.0 0.0 0.0 0.0
0.0 0.0 0.0 0.0 0.0 0.0 0.0 0.0 0.0 0.0 0.0 0.0 0.0 0.0 0.0 0.0 0.0 0.0 0.0 0.0 
0.0 0.0 0.0 0.0 0.0 0.0 0.0 0.0 0.0 0.0 0.0 0.0 0.0 0.0 0.0 0.0 0.0 0.0 0.0 0.0 
0.0 0.0 0.0 0.0 0.0 0.0 0.0 0.0 0.0 0.0
0.0 0.0 0.0 0.0 0.0 0.0 0.0 0.0 0.0 0.0 0.0 0.0 0.0 0.0 0.0 0.0 0.0 0.0 0.0 0.0 
0.0 0.0 0.0 0.0 0.0 0.0 0.0 0.0 0.0 0.0 0.0 0.0 0.0 0.0 0.0 0.0 0.0 0.0 0.0 0.0 
0.0 0.0 0.0 0.0 0.0 0.0 0.0 0.0 0.0 0.0
0.0 0.0 0.0 0.0 0.0 0.0 0.0 0.0 0.0 0.0 0.0 0.0 0.0 0.0 0.0 0.0 0.0 0.0 0.0 0.0 
0.0 0.0 0.0 0.0 0.0 0.0 0.0 0.0 0.0 0.0 0.0 0.0 0.0 0.0 0.0 0.0 0.0 0.0 0.0 0.0 
0.0 0.0 0.0 0.0 0.0 0.0 0.0 0.0 0.0 0.0
0.0 0.0 0.0 0.0 0.0 0.0 0.0 0.0 0.0 0.0 0.0 0.0 0.0 0.0 0.0 0.0 0.0 0.0 0.0 0.0 
0.0 0.0 0.0 0.0 0.0 0.0 0.0 0.0 0.0 0.0 0.0 0.0 0.0 0.0 0.0 0.0 0.0 0.0 0.0 0.0 
0.0 0.0 0.0 0.0 0.0 0.0 0.0 0.0 0.0 0.0
0.0 0.0 0.0 0.0 0.0 0.0 0.0 0.0 0.0 0.0 0.0 0.0 0.0 0.0 0.0 0.0 0.0 0.0 0.0 0.0 
0.0 0.0 0.0 0.0 0.0 0.0 0.0 0.0 0.0 0.0 0.0 0.0 0.0 0.0 0.0 0.0 0.0 0.0 0.0 0.0 
0.0 0.0 0.0 0.0 0.0 0.0 0.0 0.0 0.0 0.0
0.0 0.0 0.0 0.0 0.0 0.0 0.0 0.0 0.0 0.0 0.0 0.0 0.0 0.0 0.0 0.0 0.0 0.0 0.0 0.0 
0.0 0.0 0.0 0.0 0.0 0.0 0.0 0.0 0.0 0.0 0.0 0.0 0.0 0.0 0.0 0.0 0.0 0.0 0.0 0.0 
0.0 0.0 0.0 0.0 0.0 0.0 0.0 0.0 0.0 0.0
0.0 0.0 0.0 0.0 0.0 0.0 0.0 0.0 0.0 0.0 0.0 0.0 0.0 0.0 0.0 0.0 0.0 0.0 0.0 0.0 
0.0 0.0 0.0 0.0 0.0 0.0 0.0 0.0 0.0 0.0 0.0 0.0 0.0 0.0 0.0 0.0 0.0 0.0 0.0 0.0 
0.0 0.0 0.0 0.0 0.0 0.0 0.0 0.0 0.0 0.0
0.0 0.0 0.0 0.0 0.0 0.0 0.0 0.0 0.0 0.0 0.0 0.0 0.0 0.0 0.0 0.0 0.0 0.0 0.0 0.0 
0.0 0.0 0.0 0.0 0.0 0.0 0.0 0.0 0.0 0.0 0.0 0.0 0.0 0.0 0.0 0.0 0.0 0.0 0.0 0.0 
0.0 0.0 0.0 0.0 0.0 0.0 0.0 0.0 0.0 0.0
0.0 0.0 0.0 0.0 0.0 0.0 0.0 0.0 0.0 0.0 0.0 0.0 0.0 0.0 0.0 0.0 0.0 0.0 0.0 0.0 
0.0 0.0 0.0 0.0 0.0 0.0 0.0 0.0 0.0 0.0 0.0 0.0 0.0 0.0 0.0 0.0 0.0 0.0 0.0 0.0 
0.0 0.0 0.0 0.0 0.0 0.0 0.0 0.0 0.0 0.0
0.0 0.0 0.0 0.0 0.0 0.0 0.0 0.0 0.0 0.0 0.0 0.0 0.0 0.0 0.0 0.0 0.0 0.0 0.0 0.0 
0.0 0.0 0.0 0.0 0.0 0.0 0.0 0.0 0.0 0.0 0.0 0.0 0.0 0.0 0.0 0.0 0.0 0.0 0.0 0.0 
0.0 0.0 0.0 0.0 0.0 0.0 0.0 0.0 0.0 0.0
0.0 0.0 0.0 0.0 0.0 0.0 0.0 0.0 0.0 0.0 0.0 0.0 0.0 0.0 0.0 0.0 0.0 0.0 0.0 0.0 
86.35606 12.152642 0.0 0.0 0.0 0.0 0.0 0.0 0.0 0.0 0.0 0.0 0.0 0.0 0.0 0.0 0.0 0.0 0.0 0.0 
0.0 0.0 0.0 0.0 0.0 0.0 0.0 0.0 0.0 0.0
0.0 0.0 0.0 0.0 0.0 0.0 0.0 0.0 0.0 0.0 0.0 0.0 0.0 0.0 0.0 0.0 0.0 0.0 0.0 0.0 
100.0 68.37706 0.0 0.0 0.0 0.0 0.0 0.0 0.0 0.0 0.0 0.0 0.0 0.0 0.0 0.0 0.0 0.0 0.0 0.0 
0.0 0.0 0.0 0.0 0.0 0.0 0.0 0.0 0.0 0.0
0.0 0.0 0.0 0.0 0.0 0.0 0.0 0.0 0.0 0.0 0.0 0.0 0.0 0.0 0.0 0.0 0.0 0.0 0.0 100.0 
100.0 35.94891 0.0 0.0 0.0 0.0 0.0 0.0 0.0 0.0 0.0 0.0 0.0 0.0 0.0 0.0 0.0 0.0 0.0 0.0 
0.0 0.0 0.0 0.0 0.0 0.0 0.0 0.0 0.0 0.0
0.0 0.0 0.0 0.0 0.0 0.0 0.0 0.0 0.0 0.0 0.0 0.0 0.0 0.0 0.0 0.0 48.163105 100.0 100.0 100.0 
100.0 0.0 0.0 0.0 0.0 0.0 0.0 0.0 0.0 0.0 0.0 0.0 0.0 0.0 0.0 0.0 0.0 0.0 0.0 0.0 
0.0 0.0 0.0 0.0 0.0 0.0 0.0 0.0 0.0 0.0
0.0 0.0 0.0 0.0 0.0 0.0 0.0 0.0 0.0 0.0 0.0 0.0 0.0 0.0 0.0 0.0 18.758312 100.0 100.0 100.0 
100.0 0.0 0.0 0.0 0.0 0.0 0.0 0.0 0.0 0.0 0.0 0.0 0.0 0.0 0.0 0.0 0.0 0.0 0.0 0.0 
0.0 0.0 0.0 0.0 0.0 0.0 0.0 0.0 0.0 0.0
0.0 0.0 0.0 0.0 0.0 0.0 0.0 0.0 0.0 0.0 0.0 0.0 0.0 0.0 0.0 0.0 0.0 100.0 100.0 100.0 
82.24074 0.0 0.0 0.0 0.0 0.0 0.0 0.0 0.0 0.0 0.0 0.0 0.0 0.0 0.0 0.0 0.0 0.0 0.0 0.0 
0.0 0.0 0.0 0.0 0.0 0.0 0.0 0.0 0.0 0.0
0.0 0.0 0.0 0.0 0.0 0.0 0.0 0.0 0.0 0.0 0.0 0.0 0.0 0.0 0.0 0.0 0.0 77.61024 100.0 83.70913 
27.877167 0.0 0.0 0.0 0.0 0.0 0.0 0.0 0.0 0.0 0.0 0.0 0.0 0.0 0.0 0.0 0.0 0.0 0.0 0.0 
0.0 0.0 0.0 0.0 0.0 0.0 0.0 0.0 0.0 0.0
0.0 0.0 0.0 0.0 0.0 0.0 0.0 0.0 0.0 0.0 0.0 0.0 0.0 0.0 0.0 0.0 0.0 51.93963 53.26807 10.187472 
0.0 0.0 0.0 0.0 0.0 0.0 0.0 0.0 0.0 0.0 0.0 0.0 0.0 0.0 0.0 0.0 0.0 0.0 0.0 0.0 
0.0 0.0 0.0 0.0 0.0 0.0 0.0 0.0 0.0 0.0
0.0 0.0 0.0 0.0 0.0 0.0 0.0 0.0 0.0 0.0 0.0 0.0 0.0 0.0 0.0 0.0 0.0 20.122202 0.0 0.0 
0.0 0.0 0.0 0.0 0.0 0.0 0.0 0.0 0.0 0.0 0.0 0.0 0.0 0.0 0.0 0.0 0.0 0.0 0.0 0.0 
0.0 0.0 0.0 0.0 0.0 0.0 0.0 0.0 0.0 0.0
0.0 0.0 0.0 0.0 0.0 0.0 0.0 0.0 0.0 0.0 0.0 0.0 0.0 0.0 0.0 0.0 0.0 0.0 0.0 0.0 
0.0 0.0 0.0 0.0 0.0 0.0 0.0 0.0 0.0 0.0 0.0 0.0 0.0 0.0 0.0 0.0 0.0 0.0 0.0 0.0 
0.0 0.0 0.0 0.0 0.0 0.0 0.0 0.0 0.0 0.0
0.0 0.0 0.0 0.0 0.0 0.0 0.0 0.0 0.0 0.0 0.0 0.0 0.0 0.0 0.0 0.0 0.0 0.0 0.0 0.0 
0.0 0.0 0.0 0.0 0.0 0.0 0.0 0.0 0.0 0.0 0.0 0.0 0.0 0.0 0.0 0.0 0.0 0.0 0.0 0.0 
0.0 0.0 0.0 0.0 0.0 0.0 0.0 0.0 0.0 0.0
0.0 0.0 0.0 0.0 0.0 0.0 0.0 0.0 0.0 0.0 0.0 0.0 0.0 0.0 0.0 0.0 0.0 0.0 0.0 0.0 
0.0 0.0 0.0 0.0 0.0 0.0 0.0 0.0 0.0 0.0 0.0 0.0 0.0 0.0 0.0 0.0 0.0 0.0 0.0 0.0 
0.0 0.0 0.0 0.0 0.0 0.0 0.0 0.0 0.0 0.0
0.0 0.0 0.0 0.0 0.0 0.0 0.0 0.0 0.0 0.0 0.0 0.0 0.0 0.0 0.0 0.0 0.0 0.0 0.0 0.0 
0.0 0.0 0.0 0.0 0.0 0.0 0.0 0.0 0.0 0.0 0.0 0.0 0.0 0.0 0.0 0.0 0.0 0.0 0.0 0.0 
0.0 0.0 0.0 0.0 0.0 0.0 0.0 0.0 0.0 0.0
0.0 0.0 0.0 0.0 0.0 0.0 0.0 0.0 0.0 0.0 0.0 0.0 0.0 0.0 0.0 0.0 0.0 0.0 0.0 0.0 
0.0 0.0 0.0 0.0 0.0 0.0 0.0 0.0 0.0 0.0 0.0 0.0 0.0 0.0 0.0 0.0 0.0 0.0 0.0 0.0 
0.0 0.0 0.0 0.0 0.0 0.0 0.0 0.0 0.0 0.0
0.0 0.0 0.0 0.0 0.0 0.0 0.0 0.0 0.0 0.0 0.0 0.0 0.0 0.0 0.0 0.0 0.0 0.0 0.0 0.0 
0.0 0.0 0.0 0.0 0.0 0.0 0.0 0.0 0.0 0.0 0.0 0.0 0.0 0.0 0.0 0.0 0.0 0.0 0.0 0.0 
0.0 0.0 0.0 0.0 0.0 0.0 0.0 0.0 0.0 0.0
0.0 0.0 0.0 0.0 0.0 0.0 0.0 0.0 0.0 0.0 0.0 0.0 0.0 0.0 0.0 0.0 0.0 0.0 0.0 0.0 
0.0 0.0 0.0 0.0 0.0 0.0 0.0 0.0 0.0 0.0 0.0 0.0 0.0 0.0 0.0 0.0 0.0 0.0 0.0 0.0 
0.0 0.0 0.0 0.0 0.0 0.0 0.0 0.0 0.0 0.0
0.0 0.0 0.0 0.0 0.0 0.0 0.0 0.0 0.0 0.0 0.0 0.0 0.0 0.0 0.0 0.0 0.0 0.0 0.0 0.0 
0.0 0.0 0.0 0.0 0.0 0.0 0.0 0.0 0.0 0.0 0.0 0.0 0.0 0.0 0.0 0.0 0.0 0.0 0.0 0.0 
0.0 0.0 0.0 0.0 0.0 0.0 0.0 0.0 0.0 0.0
0.0 0.0 0.0 0.0 0.0 0.0 0.0 0.0 0.0 0.0 0.0 0.0 0.0 0.0 0.0 0.0 0.0 0.0 0.0 0.0 
0.0 0.0 0.0 0.0 0.0 0.0 0.0 0.0 0.0 0.0 0.0 0.0 0.0 0.0 0.0 0.0 0.0 0.0 0.0 0.0 
0.0 0.0 0.0 0.0 0.0 0.0 0.0 0.0 0.0 0.0
0.0 0.0 0.0 0.0 0.0 0.0 0.0 0.0 0.0 0.0 0.0 0.0 0.0 0.0 0.0 0.0 0.0 0.0 0.0 0.0 
0.0 0.0 0.0 0.0 0.0 0.0 0.0 0.0 0.0 0.0 0.0 0.0 0.0 0.0 0.0 0.0 0.0 0.0 0.0 0.0 
0.0 0.0 0.0 0.0 0.0 0.0 0.0 0.0 0.0 0.0
0.0 0.0 0.0 0.0 0.0 0.0 0.0 0.0 0.0 0.0 0.0 0.0 0.0 0.0 0.0 0.0 0.0 0.0 0.0 0.0 
0.0 0.0 0.0 0.0 0.0 0.0 0.0 0.0 0.0 0.0 0.0 0.0 0.0 0.0 0.0 0.0 0.0 0.0 0.0 0.0 
0.0 0.0 0.0 0.0 0.0 0.0 0.0 0.0 0.0 0.0
0.0 0.0 0.0 0.0 0.0 0.0 0.0 0.0 0.0 0.0 0.0 0.0 0.0 0.0 0.0 0.0 0.0 0.0 0.0 0.0 
0.0 0.0 0.0 0.0 0.0 0.0 0.0 0.0 0.0 0.0 0.0 0.0 0.0 0.0 0.0 0.0 0.0 0.0 0.0 0.0 
0.0 0.0 0.0 0.0 0.0 0.0 0.0 0.0 0.0 0.0
0.0 0.0 0.0 0.0 0.0 0.0 0.0 0.0 0.0 0.0 0.0 0.0 0.0 0.0 0.0 0.0 0.0 0.0 0.0 0.0 
0.0 0.0 0.0 0.0 0.0 0.0 0.0 0.0 0.0 0.0 0.0 0.0 0.0 0.0 0.0 0.0 0.0 0.0 0.0 0.0 
0.0 0.0 0.0 0.0 0.0 0.0 0.0 0.0 0.0 0.0
0.0 0.0 0.0 0.0 0.0 0.0 0.0 0.0 0.0 0.0 0.0 0.0 0.0 0.0 0.0 0.0 0.0 0.0 0.0 0.0 
0.0 0.0 0.0 0.0 0.0 0.0 0.0 0.0 0.0 0.0 0.0 0.0 0.0 0.0 0.0 0.0 0.0 0.0 0.0 0.0 
0.0 0.0 0.0 0.0 0.0 0.0 0.0 0.0 0.0 0.0
0.0 0.0 0.0 0.0 0.0 0.0 0.0 0.0 0.0 0.0 0.0 0.0 0.0 0.0 0.0 0.0 0.0 0.0 0.0 0.0 
0.0 0.0 0.0 0.0 0.0 0.0 0.0 0.0 0.0 0.0 0.0 0.0 0.0 0.0 0.0 0.0 0.0 0.0 0.0 0.0 
0.0 0.0 0.0 0.0 0.0 0.0 0.0 0.0 0.0 0.0
0.0 0.0 0.0 0.0 0.0 0.0 0.0 0.0 0.0 0.0 0.0 0.0 0.0 0.0 0.0 0.0 0.0 0.0 0.0 0.0 
0.0 0.0 0.0 0.0 0.0 0.0 0.0 0.0 0.0 0.0 0.0 0.0 0.0 0.0 0.0 0.0 0.0 0.0 0.0 0.0 
0.0 0.0 0.0 0.0 0.0 0.0 0.0 0.0 0.0 0.0
0.0 0.0 0.0 0.0 0.0 0.0 0.0 0.0 0.0 0.0 0.0 0.0 0.0 0.0 0.0 0.0 0.0 0.0 0.0 0.0 
0.0 0.0 0.0 0.0 0.0 0.0 0.0 0.0 0.0 0.0 0.0 0.0 0.0 0.0 0.0 0.0 0.0 0.0 0.0 0.0 
0.0 0.0 0.0 0.0 0.0 0.0 0.0 0.0 0.0 0.0
0.0 0.0 0.0 0.0 0.0 0.0 0.0 0.0 0.0 0.0 0.0 0.0 0.0 0.0 0.0 0.0 0.0 0.0 0.0 0.0 
0.0 0.0 0.0 0.0 0.0 0.0 0.0 0.0 0.0 0.0 0.0 0.0 0.0 0.0 0.0 0.0 0.0 0.0 0.0 0.0 
0.0 0.0 0.0 0.0 0.0 0.0 0.0 0.0 0.0 0.0
0.0 0.0 0.0 0.0 0.0 0.0 0.0 0.0 0.0 0.0 0.0 0.0 0.0 0.0 0.0 0.0 0.0 0.0 0.0 0.0 
0.0 0.0 0.0 0.0 0.0 0.0 0.0 0.0 0.0 0.0 0.0 0.0 0.0 0.0 0.0 0.0 0.0 0.0 0.0 0.0 
0.0 0.0 0.0 0.0 0.0 0.0 0.0 0.0 0.0 0.0
0.0 0.0 0.0 0.0 0.0 0.0 0.0 0.0 0.0 0.0 0.0 0.0 0.0 0.0 0.0 0.0 0.0 0.0 0.0 0.0 
0.0 0.0 0.0 0.0 0.0 0.0 0.0 0.0 0.0 0.0 0.0 0.0 0.0 0.0 0.0 0.0 0.0 0.0 0.0 0.0 
0.0 0.0 0.0 0.0 0.0 0.0 0.0 0.0 0.0 0.0
0.0 0.0 0.0 0.0 0.0 0.0 0.0 0.0 0.0 0.0 0.0 0.0 0.0 0.0 0.0 0.0 0.0 0.0 0.0 0.0 
0.0 0.0 0.0 0.0 0.0 0.0 0.0 0.0 0.0 0.0 0.0 0.0 0.0 0.0 0.0 0.0 0.0 0.0 0.0 0.0 
0.0 0.0 0.0 0.0 0.0 0.0 0.0 0.0 0.0 0.0
0.0 0.0 0.0 0.0 0.0 0.0 0.0 0.0 0.0 0.0 0.0 0.0 0.0 0.0 0.0 0.0 0.0 0.0 0.0 0.0 
0.0 0.0 0.0 0.0 0.0 0.0 0.0 0.0 0.0 0.0 0.0 0.0 0.0 0.0 0.0 0.0 0.0 0.0 0.0 0.0 
0.0 0.0 0.0 0.0 0.0 0.0 0.0 0.0 0.0 0.0
0.0 0.0 0.0 0.0 0.0 0.0 0.0 0.0 0.0 0.0 0.0 0.0 0.0 0.0 0.0 0.0 0.0 0.0 0.0 0.0 
0.0 0.0 0.0 0.0 0.0 0.0 0.0 0.0 0.0 0.0 0.0 0.0 0.0 0.0 0.0 0.0 0.0 0.0 0.0 0.0 
0.0 0.0 0.0 0.0 0.0 0.0 0.0 0.0 0.0 0.0
0.0 0.0 0.0 0.0 0.0 0.0 0.0 0.0 0.0 0.0 0.0 0.0 0.0 0.0 0.0 0.0 0.0 0.0 0.0 0.0 
0.0 0.0 0.0 0.0 0.0 0.0 0.0 0.0 0.0 0.0 0.0 0.0 0.0 0.0 0.0 0.0 0.0 0.0 0.0 0.0 
0.0 0.0 0.0 0.0 0.0 0.0 0.0 0.0 0.0 0.0
0.0 0.0 0.0 0.0 0.0 0.0 0.0 0.0 0.0 0.0 0.0 0.0 0.0 0.0 0.0 0.0 0.0 0.0 0.0 0.0 
0.0 0.0 0.0 0.0 0.0 0.0 0.0 0.0 0.0 0.0 0.0 0.0 0.0 0.0 0.0 0.0 0.0 0.0 0.0 0.0 
0.0 0.0 0.0 0.0 0.0 0.0 0.0 0.0 0.0 0.0
0.0 0.0 0.0 0.0 0.0 0.0 0.0 0.0 0.0 0.0 0.0 0.0 0.0 0.0 0.0 0.0 0.0 0.0 0.0 0.0 
0.0 0.0 0.0 0.0 0.0 0.0 0.0 0.0 0.0 0.0 0.0 0.0 0.0 0.0 0.0 0.0 0.0 0.0 0.0 0.0 
0.0 0.0 0.0 0.0 0.0 0.0 0.0 0.0 0.0 0.0
0.0 0.0 0.0 0.0 0.0 0.0 0.0 0.0 0.0 0.0 0.0 0.0 0.0 0.0 0.0 0.0 0.0 0.0 0.0 0.0 
0.0 0.0 0.0 0.0 0.0 0.0 0.0 0.0 0.0 0.0 0.0 0.0 0.0 0.0 0.0 0.0 0.0 0.0 0.0 0.0 
0.0 0.0 0.0 0.0 0.0 0.0 0.0 0.0 0.0 0.0
0.0 0.0 0.0 0.0 0.0 0.0 0.0 0.0 0.0 0.0 0.0 0.0 0.0 0.0 0.0 0.0 0.0 0.0 0.0 0.0 
0.0 0.0 0.0 0.0 0.0 0.0 0.0 0.0 0.0 0.0 0.0 0.0 0.0 0.0 0.0 0.0 0.0 0.0 0.0 0.0 
0.0 0.0 0.0 0.0 0.0 0.0 0.0 0.0 0.0 0.0
0.0 0.0 0.0 0.0 0.0 0.0 0.0 0.0 0.0 0.0 0.0 0.0 0.0 0.0 0.0 0.0 0.0 0.0 0.0 0.0 
0.0 0.0 0.0 0.0 0.0 0.0 0.0 0.0 0.0 0.0 0.0 0.0 0.0 0.0 0.0 0.0 0.0 0.0 0.0 0.0 
0.0 0.0 0.0 0.0 0.0 0.0 0.0 0.0 0.0 0.0
0.0 0.0 0.0 0.0 0.0 0.0 0.0 0.0 0.0 0.0 0.0 0.0 0.0 0.0 0.0 0.0 0.0 0.0 0.0 0.0 
0.0 0.0 0.0 0.0 0.0 0.0 0.0 0.0 0.0 0.0 0.0 0.0 0.0 0.0 0.0 0.0 0.0 0.0 0.0 0.0 
0.0 0.0 0.0 0.0 0.0 0.0 0.0 0.0 0.0 0.0
0.0 0.0 0.0 0.0 0.0 0.0 0.0 0.0 0.0 0.0 0.0 0.0 0.0 0.0 0.0 0.0 0.0 0.0 0.0 0.0 
0.0 0.0 0.0 0.0 0.0 0.0 0.0 0.0 0.0 0.0 0.0 0.0 0.0 0.0 0.0 0.0 0.0 0.0 0.0 0.0 
0.0 0.0 0.0 0.0 0.0 0.0 0.0 0.0 0.0 0.0
0.0 0.0 0.0 0.0 0.0 0.0 0.0 0.0 0.0 0.0 0.0 0.0 0.0 0.0 0.0 0.0 0.0 0.0 0.0 0.0 
0.0 0.0 0.0 0.0 0.0 0.0 0.0 0.0 0.0 0.0 0.0 0.0 0.0 0.0 0.0 0.0 0.0 0.0 0.0 0.0 
0.0 0.0 0.0 0.0 0.0 0.0 0.0 0.0 0.0 0.0
0.0 0.0 0.0 0.0 0.0 0.0 0.0 0.0 0.0 0.0 0.0 0.0 0.0 0.0 0.0 0.0 0.0 0.0 0.0 0.0 
0.0 0.0 0.0 0.0 0.0 0.0 0.0 0.0 0.0 0.0 0.0 0.0 0.0 0.0 0.0 0.0 0.0 0.0 0.0 0.0 
0.0 0.0 0.0 0.0 0.0 0.0 0.0 0.0 0.0 0.0
0.0 0.0 0.0 0.0 0.0 0.0 0.0 0.0 0.0 0.0 0.0 0.0 0.0 0.0 0.0 0.0 0.0 0.0 0.0 0.0 
0.0 0.0 0.0 0.0 0.0 0.0 0.0 0.0 0.0 0.0 0.0 0.0 0.0 0.0 0.0 0.0 0.0 0.0 0.0 0.0 
0.0 0.0 0.0 0.0 0.0 0.0 0.0 0.0 0.0 0.0 
30.0 1.0E-6     /C1 -- TPER, DELT (Recharge Period 1)
1.2 1.0 1.0E-8 0.1     /C2 -- TMLT, DLTMX, DLTMIN, TRED
10.0 0.0     /C3 -- DSMAX, STERR
0.0     /C4 -- POND
F     /C5 -- PRNT
T T T     /C6 -- BCIT, ETSIM, SEEP
2     /C7 -- NFCS
50 0     /C8 -- JJ, JLAST. C-9 begins next line: J, N
52 49
51 49
50 49
49 49
48 49
47 49
46 49
45 49
44 49
43 49
42 49
41 49
40 49
39 49
38 49
37 49
36 49
35 49
34 49
33 49
32 49
31 49
30 49
29 49
28 49
27 49
26 49
25 49
24 49
23 49
22 49
21 49
20 49
19 49
18 49
17 49
16 49
15 49
14 49
13 49
12 49
11 49
10 49
9 49
8 49
7 49
6 49
5 49
4 49
3 49
33 0     /C8 -- JJ, JLAST. C-9 begins next line: J, N
52 2
51 2
50 2
49 2
48 2
47 2
46 2
45 2
44 2
43 2
42 2
41 2
40 2
39 2
38 2
37 2
36 2
35 2
34 2
33 2
32 2
31 2
30 2
29 2
28 2
27 2
26 2
25 2
24 2
23 2
22 2
21 2
20 2
0     /C10 -- IBC. C11 begins next line: JJ, NN, NTX, PFDUM, (NTC, CF)
19 2 5 0.0 0 0.0
19 3 5 0.0 0 0.0
19 4 5 0.0 0 0.0
19 5 5 0.0 0 0.0
19 6 5 0.0 0 0.0
19 7 5 0.0 0 0.0
19 8 5 0.0 0 0.0
19 9 5 0.0 0 0.0
19 10 5 0.0 0 0.0
19 11 5 0.0 0 0.0
19 12 5 0.0 0 0.0
19 13 5 0.0 0 0.0
19 14 5 0.0 0 0.0
19 15 5 0.0 0 0.0
19 16 5 0.0 0 0.0
19 17 5 0.0 0 0.0
19 18 5 0.0 0 0.0
19 19 5 0.0 0 0.0
3 28 5 0.0 0 0.0
4 28 5 0.0 0 0.0
5 27 5 0.0 0 0.0
6 27 5 0.0 0 0.0
7 26 5 0.0 0 0.0
8 26 5 0.0 0 0.0
9 25 5 0.0 0 0.0
10 24 5 0.0 0 0.0
11 24 5 0.0 0 0.0
12 23 5 0.0 0 0.0
13 23 5 0.0 0 0.0
14 22 5 0.0 0 0.0
15 22 5 0.0 0 0.0
16 21 5 0.0 0 0.0
17 21 5 0.0 0 0.0
18 20 5 0.0 0 0.0
2 29 5 0.0 0 0.0
2 30 5 0.0 0 0.0
2 31 5 0.0 0 0.0
2 32 5 0.0 0 0.0
2 33 5 0.0 0 0.0
2 34 5 0.0 0 0.0
2 35 5 0.0 0 0.0
2 36 5 0.0 0 0.0
2 37 5 0.0 0 0.0
2 38 5 0.0 0 0.0
2 39 5 0.0 0 0.0
2 40 5 0.0 0 0.0
2 41 5 0.0 0 0.0
2 42 5 0.0 0 0.0
2 43 5 0.0 0 0.0
2 44 5 0.0 0 0.0
2 45 5 0.0 0 0.0
2 46 5 0.0 0 0.0
2 47 5 0.0 0 0.0
2 48 5 0.0 0 0.0
2 49 5 0.0 0 0.0
3 49 3 0.0 0 0.0
4 49 3 0.0 0 0.0
5 49 3 0.0 0 0.0
6 49 3 0.0 0 0.0
7 49 3 0.0 0 0.0
8 49 3 0.0 0 0.0
9 49 3 0.0 0 0.0
10 49 3 0.0 0 0.0
11 49 3 0.0 0 0.0
12 49 3 0.0 0 0.0
13 49 3 0.0 0 0.0
14 49 3 0.0 0 0.0
15 49 3 0.0 0 0.0
16 49 3 0.0 0 0.0
17 49 3 0.0 0 0.0
18 49 3 0.0 0 0.0
19 49 3 0.0 0 0.0
20 49 3 0.0 0 0.0
21 49 3 0.0 0 0.0
22 49 3 0.0 0 0.0
23 49 3 0.0 0 0.0
24 49 3 0.0 0 0.0
25 49 3 0.0 0 0.0
26 49 3 0.0 0 0.0
27 49 3 0.0 0 0.0
28 49 3 0.0 0 0.0
29 49 3 0.0 0 0.0
30 49 3 0.0 0 0.0
31 49 3 0.0 0 0.0
32 49 3 0.0 0 0.0
33 49 3 0.0 0 0.0
34 49 3 0.0 0 0.0
35 49 3 0.0 0 0.0
36 49 3 0.0 0 0.0
37 49 3 0.0 0 0.0
38 49 3 0.0 0 0.0
39 49 3 0.0 0 0.0
40 49 3 0.0 0 0.0
41 49 3 0.0 0 0.0
42 49 3 0.0 0 0.0
43 49 3 0.0 0 0.0
44 49 3 0.0 0 0.0
45 49 3 0.0 0 0.0
46 49 3 0.0 0 0.0
47 49 3 0.0 0 0.0
48 49 3 0.0 0 0.0
49 49 3 0.0 0 0.0
50 49 3 0.0 0 0.0
51 49 3 0.0 0 0.0
52 49 3 0.0 0 0.0
53 49 4 -4.6041665 0 0.0
54 49 4 -4.6041665 0 0.0
55 49 4 -4.6041665 0 0.0
56 49 4 -4.6041665 0 0.0
53 2 4 -4.6041665 0 0.0
54 2 4 -4.6041665 0 0.0
55 2 4 -4.6041665 0 0.0
56 2 4 -4.6041665 0 0.0
20 2 3 0.0 0 0.0
21 2 3 0.0 0 0.0
22 2 3 0.0 0 0.0
23 2 3 0.0 0 0.0
24 2 3 0.0 0 0.0
25 2 3 0.0 0 0.0
26 2 3 0.0 0 0.0
27 2 3 0.0 0 0.0
28 2 3 0.0 0 0.0
29 2 3 0.0 0 0.0
30 2 3 0.0 0 0.0
31 2 3 0.0 0 0.0
32 2 3 0.0 0 0.0
33 2 3 0.0 0 0.0
34 2 3 0.0 0 0.0
35 2 3 0.0 0 0.0
36 2 3 0.0 0 0.0
37 2 3 0.0 0 0.0
38 2 3 0.0 0 0.0
39 2 3 0.0 0 0.0
40 2 3 0.0 0 0.0
41 2 3 0.0 0 0.0
42 2 3 0.0 0 0.0
43 2 3 0.0 0 0.0
44 2 3 0.0 0 0.0
45 2 3 0.0 0 0.0
46 2 3 0.0 0 0.0
47 2 3 0.0 0 0.0
48 2 3 0.0 0 0.0
49 2 3 0.0 0 0.0
50 2 3 0.0 0 0.0
51 2 3 0.0 0 0.0
52 2 3 0.0 0 0.0
-999999 / C13 -- End of data for recharge period 1
2.0 1.0E-4     /C1 -- TPER, DELT (Recharge Period 2)
1.2 1.0 1.0E-5 0.1     /C2 -- TMLT, DLTMX, DLTMIN, TRED
10.0 0.0     /C3 -- DSMAX, STERR
0.0     /C4 -- POND
F     /C5 -- PRNT
F F T     /C6 -- BCIT, ETSIM, SEEP
2     /C7 -- NFCS
50 0     /C8 -- JJ, JLAST. C-9 begins next line: J, N
52 49
51 49
50 49
49 49
48 49
47 49
46 49
45 49
44 49
43 49
42 49
41 49
40 49
39 49
38 49
37 49
36 49
35 49
34 49
33 49
32 49
31 49
30 49
29 49
28 49
27 49
26 49
25 49
24 49
23 49
22 49
21 49
20 49
19 49
18 49
17 49
16 49
15 49
14 49
13 49
12 49
11 49
10 49
9 49
8 49
7 49
6 49
5 49
4 49
3 49
33 0     /C8 -- JJ, JLAST. C-9 begins next line: J, N
52 2
51 2
50 2
49 2
48 2
47 2
46 2
45 2
44 2
43 2
42 2
41 2
40 2
39 2
38 2
37 2
36 2
35 2
34 2
33 2
32 2
31 2
30 2
29 2
28 2
27 2
26 2
25 2
24 2
23 2
22 2
21 2
20 2
0     /C10 -- IBC. C11 begins next line: JJ, NN, NTX, PFDUM, (NTC, CF)
19 2 2 0.04855967 0 0.0
19 3 2 0.04855967 0 0.0
19 4 2 0.04855967 0 0.0
19 5 2 0.04855967 0 0.0
19 6 2 0.04855967 0 0.0
19 7 2 0.04855967 0 0.0
19 8 2 0.04855967 0 0.0
19 9 2 0.04855967 0 0.0
19 10 2 0.04855967 0 0.0
19 11 2 0.04855967 0 0.0
19 12 2 0.04855967 0 0.0
19 13 2 0.04855967 0 0.0
19 14 2 0.04855967 0 0.0
19 15 2 0.04855967 0 0.0
19 16 2 0.04855967 0 0.0
19 17 2 0.04855967 0 0.0
19 18 2 0.04855967 0 0.0
19 19 2 0.04855967 0 0.0
3 28 2 0.030224867 0 0.0
4 28 2 0.030224867 0 0.0
5 27 2 0.030224867 0 0.0
6 27 2 0.030224867 0 0.0
7 26 2 0.030224867 0 0.0
8 26 2 0.030224867 0 0.0
9 25 2 0.030224867 0 0.0
10 24 2 0.030224867 0 0.0
11 24 2 0.030224867 0 0.0
12 23 2 0.030224867 0 0.0
13 23 2 0.030224867 0 0.0
14 22 2 0.030224867 0 0.0
15 22 2 0.030224867 0 0.0
16 21 2 0.030224867 0 0.0
17 21 2 0.030224867 0 0.0
18 20 2 0.030224867 0 0.0
2 29 2 0.049584277 0 0.0
2 30 2 0.049584277 0 0.0
2 31 2 0.049584277 0 0.0
2 32 2 0.049584277 0 0.0
2 33 2 0.049584277 0 0.0
2 34 2 0.049584277 0 0.0
2 35 2 0.049584277 0 0.0
2 36 2 0.049584277 0 0.0
2 37 2 0.049584277 0 0.0
2 38 2 0.049584277 0 0.0
2 39 2 0.049584277 0 0.0
2 40 2 0.049584277 0 0.0
2 41 2 0.049584277 0 0.0
2 42 2 0.049584277 0 0.0
2 43 2 0.049584277 0 0.0
2 44 2 0.049584277 0 0.0
2 45 2 0.049584277 0 0.0
2 46 2 0.049584277 0 0.0
2 47 2 0.049584277 0 0.0
2 48 2 0.049584277 0 0.0
2 49 2 0.049584277 0 0.0
-999999 / C13 -- End of data for recharge period 2
30.0 1.0E-4     /C1 -- TPER, DELT (Recharge Period 3)
1.2 1.0 1.0E-5 0.1     /C2 -- TMLT, DLTMX, DLTMIN, TRED
10.0 0.0     /C3 -- DSMAX, STERR
0.0     /C4 -- POND
F     /C5 -- PRNT
T T T     /C6 -- BCIT, ETSIM, SEEP
2     /C7 -- NFCS
50 0     /C8 -- JJ, JLAST. C-9 begins next line: J, N
52 49
51 49
50 49
49 49
48 49
47 49
46 49
45 49
44 49
43 49
42 49
41 49
40 49
39 49
38 49
37 49
36 49
35 49
34 49
33 49
32 49
31 49
30 49
29 49
28 49
27 49
26 49
25 49
24 49
23 49
22 49
21 49
20 49
19 49
18 49
17 49
16 49
15 49
14 49
13 49
12 49
11 49
10 49
9 49
8 49
7 49
6 49
5 49
4 49
3 49
33 0     /C8 -- JJ, JLAST. C-9 begins next line: J, N
52 2
51 2
50 2
49 2
48 2
47 2
46 2
45 2
44 2
43 2
42 2
41 2
40 2
39 2
38 2
37 2
36 2
35 2
34 2
33 2
32 2
31 2
30 2
29 2
28 2
27 2
26 2
25 2
24 2
23 2
22 2
21 2
20 2
0     /C10 -- IBC. C11 begins next line: JJ, NN, NTX, PFDUM, (NTC, CF)
19 2 5 0.0 0 0.0
19 3 5 0.0 0 0.0
19 4 5 0.0 0 0.0
19 5 5 0.0 0 0.0
19 6 5 0.0 0 0.0
19 7 5 0.0 0 0.0
19 8 5 0.0 0 0.0
19 9 5 0.0 0 0.0
19 10 5 0.0 0 0.0
19 11 5 0.0 0 0.0
19 12 5 0.0 0 0.0
19 13 5 0.0 0 0.0
19 14 5 0.0 0 0.0
19 15 5 0.0 0 0.0
19 16 5 0.0 0 0.0
19 17 5 0.0 0 0.0
19 18 5 0.0 0 0.0
19 19 5 0.0 0 0.0
3 28 5 0.0 0 0.0
4 28 5 0.0 0 0.0
5 27 5 0.0 0 0.0
6 27 5 0.0 0 0.0
7 26 5 0.0 0 0.0
8 26 5 0.0 0 0.0
9 25 5 0.0 0 0.0
10 24 5 0.0 0 0.0
11 24 5 0.0 0 0.0
12 23 5 0.0 0 0.0
13 23 5 0.0 0 0.0
14 22 5 0.0 0 0.0
15 22 5 0.0 0 0.0
16 21 5 0.0 0 0.0
17 21 5 0.0 0 0.0
18 20 5 0.0 0 0.0
2 29 5 0.0 0 0.0
2 30 5 0.0 0 0.0
2 31 5 0.0 0 0.0
2 32 5 0.0 0 0.0
2 33 5 0.0 0 0.0
2 34 5 0.0 0 0.0
2 35 5 0.0 0 0.0
2 36 5 0.0 0 0.0
2 37 5 0.0 0 0.0
2 38 5 0.0 0 0.0
2 39 5 0.0 0 0.0
2 40 5 0.0 0 0.0
2 41 5 0.0 0 0.0
2 42 5 0.0 0 0.0
2 43 5 0.0 0 0.0
2 44 5 0.0 0 0.0
2 45 5 0.0 0 0.0
2 46 5 0.0 0 0.0
2 47 5 0.0 0 0.0
2 48 5 0.0 0 0.0
2 49 5 0.0 0 0.0
-999999 / C13 -- End of data for recharge period 3
2.0 1.0E-4     /C1 -- TPER, DELT (Recharge Period 4)
1.2 1.0 1.0E-5 0.1     /C2 -- TMLT, DLTMX, DLTMIN, TRED
10.0 0.0     /C3 -- DSMAX, STERR
0.0     /C4 -- POND
F     /C5 -- PRNT
F F T     /C6 -- BCIT, ETSIM, SEEP
2     /C7 -- NFCS
50 0     /C8 -- JJ, JLAST. C-9 begins next line: J, N
52 49
51 49
50 49
49 49
48 49
47 49
46 49
45 49
44 49
43 49
42 49
41 49
40 49
39 49
38 49
37 49
36 49
35 49
34 49
33 49
32 49
31 49
30 49
29 49
28 49
27 49
26 49
25 49
24 49
23 49
22 49
21 49
20 49
19 49
18 49
17 49
16 49
15 49
14 49
13 49
12 49
11 49
10 49
9 49
8 49
7 49
6 49
5 49
4 49
3 49
33 0     /C8 -- JJ, JLAST. C-9 begins next line: J, N
52 2
51 2
50 2
49 2
48 2
47 2
46 2
45 2
44 2
43 2
42 2
41 2
40 2
39 2
38 2
37 2
36 2
35 2
34 2
33 2
32 2
31 2
30 2
29 2
28 2
27 2
26 2
25 2
24 2
23 2
22 2
21 2
20 2
0     /C10 -- IBC. C11 begins next line: JJ, NN, NTX, PFDUM, (NTC, CF)
19 2 2 0.04855967 0 0.0
19 3 2 0.04855967 0 0.0
19 4 2 0.04855967 0 0.0
19 5 2 0.04855967 0 0.0
19 6 2 0.04855967 0 0.0
19 7 2 0.04855967 0 0.0
19 8 2 0.04855967 0 0.0
19 9 2 0.04855967 0 0.0
19 10 2 0.04855967 0 0.0
19 11 2 0.04855967 0 0.0
19 12 2 0.04855967 0 0.0
19 13 2 0.04855967 0 0.0
19 14 2 0.04855967 0 0.0
19 15 2 0.04855967 0 0.0
19 16 2 0.04855967 0 0.0
19 17 2 0.04855967 0 0.0
19 18 2 0.04855967 0 0.0
19 19 2 0.04855967 0 0.0
3 28 2 0.030224867 0 0.0
4 28 2 0.030224867 0 0.0
5 27 2 0.030224867 0 0.0
6 27 2 0.030224867 0 0.0
7 26 2 0.030224867 0 0.0
8 26 2 0.030224867 0 0.0
9 25 2 0.030224867 0 0.0
10 24 2 0.030224867 0 0.0
11 24 2 0.030224867 0 0.0
12 23 2 0.030224867 0 0.0
13 23 2 0.030224867 0 0.0
14 22 2 0.030224867 0 0.0
15 22 2 0.030224867 0 0.0
16 21 2 0.030224867 0 0.0
17 21 2 0.030224867 0 0.0
18 20 2 0.030224867 0 0.0
2 29 2 0.049584277 0 0.0
2 30 2 0.049584277 0 0.0
2 31 2 0.049584277 0 0.0
2 32 2 0.049584277 0 0.0
2 33 2 0.049584277 0 0.0
2 34 2 0.049584277 0 0.0
2 35 2 0.049584277 0 0.0
2 36 2 0.049584277 0 0.0
2 37 2 0.049584277 0 0.0
2 38 2 0.049584277 0 0.0
2 39 2 0.049584277 0 0.0
2 40 2 0.049584277 0 0.0
2 41 2 0.049584277 0 0.0
2 42 2 0.049584277 0 0.0
2 43 2 0.049584277 0 0.0
2 44 2 0.049584277 0 0.0
2 45 2 0.049584277 0 0.0
2 46 2 0.049584277 0 0.0
2 47 2 0.049584277 0 0.0
2 48 2 0.049584277 0 0.0
2 49 2 0.049584277 0 0.0
-999999 / C13 -- End of data for recharge period 4
30.0 1.0E-4     /C1 -- TPER, DELT (Recharge Period 5)
1.2 1.0 1.0E-5 0.1     /C2 -- TMLT, DLTMX, DLTMIN, TRED
10.0 0.0     /C3 -- DSMAX, STERR
0.0     /C4 -- POND
F     /C5 -- PRNT
T T T     /C6 -- BCIT, ETSIM, SEEP
2     /C7 -- NFCS
50 0     /C8 -- JJ, JLAST. C-9 begins next line: J, N
52 49
51 49
50 49
49 49
48 49
47 49
46 49
45 49
44 49
43 49
42 49
41 49
40 49
39 49
38 49
37 49
36 49
35 49
34 49
33 49
32 49
31 49
30 49
29 49
28 49
27 49
26 49
25 49
24 49
23 49
22 49
21 49
20 49
19 49
18 49
17 49
16 49
15 49
14 49
13 49
12 49
11 49
10 49
9 49
8 49
7 49
6 49
5 49
4 49
3 49
33 0     /C8 -- JJ, JLAST. C-9 begins next line: J, N
52 2
51 2
50 2
49 2
48 2
47 2
46 2
45 2
44 2
43 2
42 2
41 2
40 2
39 2
38 2
37 2
36 2
35 2
34 2
33 2
32 2
31 2
30 2
29 2
28 2
27 2
26 2
25 2
24 2
23 2
22 2
21 2
20 2
0     /C10 -- IBC. C11 begins next line: JJ, NN, NTX, PFDUM, (NTC, CF)
19 2 5 0.0 0 0.0
19 3 5 0.0 0 0.0
19 4 5 0.0 0 0.0
19 5 5 0.0 0 0.0
19 6 5 0.0 0 0.0
19 7 5 0.0 0 0.0
19 8 5 0.0 0 0.0
19 9 5 0.0 0 0.0
19 10 5 0.0 0 0.0
19 11 5 0.0 0 0.0
19 12 5 0.0 0 0.0
19 13 5 0.0 0 0.0
19 14 5 0.0 0 0.0
19 15 5 0.0 0 0.0
19 16 5 0.0 0 0.0
19 17 5 0.0 0 0.0
19 18 5 0.0 0 0.0
19 19 5 0.0 0 0.0
3 28 5 0.0 0 0.0
4 28 5 0.0 0 0.0
5 27 5 0.0 0 0.0
6 27 5 0.0 0 0.0
7 26 5 0.0 0 0.0
8 26 5 0.0 0 0.0
9 25 5 0.0 0 0.0
10 24 5 0.0 0 0.0
11 24 5 0.0 0 0.0
12 23 5 0.0 0 0.0
13 23 5 0.0 0 0.0
14 22 5 0.0 0 0.0
15 22 5 0.0 0 0.0
16 21 5 0.0 0 0.0
17 21 5 0.0 0 0.0
18 20 5 0.0 0 0.0
2 29 5 0.0 0 0.0
2 30 5 0.0 0 0.0
2 31 5 0.0 0 0.0
2 32 5 0.0 0 0.0
2 33 5 0.0 0 0.0
2 34 5 0.0 0 0.0
2 35 5 0.0 0 0.0
2 36 5 0.0 0 0.0
2 37 5 0.0 0 0.0
2 38 5 0.0 0 0.0
2 39 5 0.0 0 0.0
2 40 5 0.0 0 0.0
2 41 5 0.0 0 0.0
2 42 5 0.0 0 0.0
2 43 5 0.0 0 0.0
2 44 5 0.0 0 0.0
2 45 5 0.0 0 0.0
2 46 5 0.0 0 0.0
2 47 5 0.0 0 0.0
2 48 5 0.0 0 0.0
2 49 5 0.0 0 0.0
-999999 / C13 -- End of data for recharge period 5
2.0 1.0E-4     /C1 -- TPER, DELT (Recharge Period 6)
1.2 1.0 1.0E-5 0.1     /C2 -- TMLT, DLTMX, DLTMIN, TRED
10.0 0.0     /C3 -- DSMAX, STERR
0.0     /C4 -- POND
F     /C5 -- PRNT
F F T     /C6 -- BCIT, ETSIM, SEEP
2     /C7 -- NFCS
50 0     /C8 -- JJ, JLAST. C-9 begins next line: J, N
52 49
51 49
50 49
49 49
48 49
47 49
46 49
45 49
44 49
43 49
42 49
41 49
40 49
39 49
38 49
37 49
36 49
35 49
34 49
33 49
32 49
31 49
30 49
29 49
28 49
27 49
26 49
25 49
24 49
23 49
22 49
21 49
20 49
19 49
18 49
17 49
16 49
15 49
14 49
13 49
12 49
11 49
10 49
9 49
8 49
7 49
6 49
5 49
4 49
3 49
33 0     /C8 -- JJ, JLAST. C-9 begins next line: J, N
52 2
51 2
50 2
49 2
48 2
47 2
46 2
45 2
44 2
43 2
42 2
41 2
40 2
39 2
38 2
37 2
36 2
35 2
34 2
33 2
32 2
31 2
30 2
29 2
28 2
27 2
26 2
25 2
24 2
23 2
22 2
21 2
20 2
0     /C10 -- IBC. C11 begins next line: JJ, NN, NTX, PFDUM, (NTC, CF)
19 2 2 0.04855967 0 0.0
19 3 2 0.04855967 0 0.0
19 4 2 0.04855967 0 0.0
19 5 2 0.04855967 0 0.0
19 6 2 0.04855967 0 0.0
19 7 2 0.04855967 0 0.0
19 8 2 0.04855967 0 0.0
19 9 2 0.04855967 0 0.0
19 10 2 0.04855967 0 0.0
19 11 2 0.04855967 0 0.0
19 12 2 0.04855967 0 0.0
19 13 2 0.04855967 0 0.0
19 14 2 0.04855967 0 0.0
19 15 2 0.04855967 0 0.0
19 16 2 0.04855967 0 0.0
19 17 2 0.04855967 0 0.0
19 18 2 0.04855967 0 0.0
19 19 2 0.04855967 0 0.0
3 28 2 0.030224867 0 0.0
4 28 2 0.030224867 0 0.0
5 27 2 0.030224867 0 0.0
6 27 2 0.030224867 0 0.0
7 26 2 0.030224867 0 0.0
8 26 2 0.030224867 0 0.0
9 25 2 0.030224867 0 0.0
10 24 2 0.030224867 0 0.0
11 24 2 0.030224867 0 0.0
12 23 2 0.030224867 0 0.0
13 23 2 0.030224867 0 0.0
14 22 2 0.030224867 0 0.0
15 22 2 0.030224867 0 0.0
16 21 2 0.030224867 0 0.0
17 21 2 0.030224867 0 0.0
18 20 2 0.030224867 0 0.0
2 29 2 0.049584277 0 0.0
2 30 2 0.049584277 0 0.0
2 31 2 0.049584277 0 0.0
2 32 2 0.049584277 0 0.0
2 33 2 0.049584277 0 0.0
2 34 2 0.049584277 0 0.0
2 35 2 0.049584277 0 0.0
2 36 2 0.049584277 0 0.0
2 37 2 0.049584277 0 0.0
2 38 2 0.049584277 0 0.0
2 39 2 0.049584277 0 0.0
2 40 2 0.049584277 0 0.0
2 41 2 0.049584277 0 0.0
2 42 2 0.049584277 0 0.0
2 43 2 0.049584277 0 0.0
2 44 2 0.049584277 0 0.0
2 45 2 0.049584277 0 0.0
2 46 2 0.049584277 0 0.0
2 47 2 0.049584277 0 0.0
2 48 2 0.049584277 0 0.0
2 49 2 0.049584277 0 0.0
-999999 / C13 -- End of data for recharge period 6
30.0 1.0E-4     /C1 -- TPER, DELT (Recharge Period 7)
1.2 1.0 1.0E-5 0.1     /C2 -- TMLT, DLTMX, DLTMIN, TRED
10.0 0.0     /C3 -- DSMAX, STERR
0.0     /C4 -- POND
F     /C5 -- PRNT
T T T     /C6 -- BCIT, ETSIM, SEEP
2     /C7 -- NFCS
50 0     /C8 -- JJ, JLAST. C-9 begins next line: J, N
52 49
51 49
50 49
49 49
48 49
47 49
46 49
45 49
44 49
43 49
42 49
41 49
40 49
39 49
38 49
37 49
36 49
35 49
34 49
33 49
32 49
31 49
30 49
29 49
28 49
27 49
26 49
25 49
24 49
23 49
22 49
21 49
20 49
19 49
18 49
17 49
16 49
15 49
14 49
13 49
12 49
11 49
10 49
9 49
8 49
7 49
6 49
5 49
4 49
3 49
33 0     /C8 -- JJ, JLAST. C-9 begins next line: J, N
52 2
51 2
50 2
49 2
48 2
47 2
46 2
45 2
44 2
43 2
42 2
41 2
40 2
39 2
38 2
37 2
36 2
35 2
34 2
33 2
32 2
31 2
30 2
29 2
28 2
27 2
26 2
25 2
24 2
23 2
22 2
21 2
20 2
0     /C10 -- IBC. C11 begins next line: JJ, NN, NTX, PFDUM, (NTC, CF)
19 2 5 0.0 0 0.0
19 3 5 0.0 0 0.0
19 4 5 0.0 0 0.0
19 5 5 0.0 0 0.0
19 6 5 0.0 0 0.0
19 7 5 0.0 0 0.0
19 8 5 0.0 0 0.0
19 9 5 0.0 0 0.0
19 10 5 0.0 0 0.0
19 11 5 0.0 0 0.0
19 12 5 0.0 0 0.0
19 13 5 0.0 0 0.0
19 14 5 0.0 0 0.0
19 15 5 0.0 0 0.0
19 16 5 0.0 0 0.0
19 17 5 0.0 0 0.0
19 18 5 0.0 0 0.0
19 19 5 0.0 0 0.0
3 28 5 0.0 0 0.0
4 28 5 0.0 0 0.0
5 27 5 0.0 0 0.0
6 27 5 0.0 0 0.0
7 26 5 0.0 0 0.0
8 26 5 0.0 0 0.0
9 25 5 0.0 0 0.0
10 24 5 0.0 0 0.0
11 24 5 0.0 0 0.0
12 23 5 0.0 0 0.0
13 23 5 0.0 0 0.0
14 22 5 0.0 0 0.0
15 22 5 0.0 0 0.0
16 21 5 0.0 0 0.0
17 21 5 0.0 0 0.0
18 20 5 0.0 0 0.0
2 29 5 0.0 0 0.0
2 30 5 0.0 0 0.0
2 31 5 0.0 0 0.0
2 32 5 0.0 0 0.0
2 33 5 0.0 0 0.0
2 34 5 0.0 0 0.0
2 35 5 0.0 0 0.0
2 36 5 0.0 0 0.0
2 37 5 0.0 0 0.0
2 38 5 0.0 0 0.0
2 39 5 0.0 0 0.0
2 40 5 0.0 0 0.0
2 41 5 0.0 0 0.0
2 42 5 0.0 0 0.0
2 43 5 0.0 0 0.0
2 44 5 0.0 0 0.0
2 45 5 0.0 0 0.0
2 46 5 0.0 0 0.0
2 47 5 0.0 0 0.0
2 48 5 0.0 0 0.0
2 49 5 0.0 0 0.0
-999999 / C13 -- End of data for recharge period 7
2.0 1.0E-4     /C1 -- TPER, DELT (Recharge Period 8)
1.2 1.0 1.0E-5 0.1     /C2 -- TMLT, DLTMX, DLTMIN, TRED
10.0 0.0     /C3 -- DSMAX, STERR
0.0     /C4 -- POND
F     /C5 -- PRNT
F F T     /C6 -- BCIT, ETSIM, SEEP
2     /C7 -- NFCS
50 0     /C8 -- JJ, JLAST. C-9 begins next line: J, N
52 49
51 49
50 49
49 49
48 49
47 49
46 49
45 49
44 49
43 49
42 49
41 49
40 49
39 49
38 49
37 49
36 49
35 49
34 49
33 49
32 49
31 49
30 49
29 49
28 49
27 49
26 49
25 49
24 49
23 49
22 49
21 49
20 49
19 49
18 49
17 49
16 49
15 49
14 49
13 49
12 49
11 49
10 49
9 49
8 49
7 49
6 49
5 49
4 49
3 49
33 0     /C8 -- JJ, JLAST. C-9 begins next line: J, N
52 2
51 2
50 2
49 2
48 2
47 2
46 2
45 2
44 2
43 2
42 2
41 2
40 2
39 2
38 2
37 2
36 2
35 2
34 2
33 2
32 2
31 2
30 2
29 2
28 2
27 2
26 2
25 2
24 2
23 2
22 2
21 2
20 2
0     /C10 -- IBC. C11 begins next line: JJ, NN, NTX, PFDUM, (NTC, CF)
19 2 2 0.04855967 0 0.0
19 3 2 0.04855967 0 0.0
19 4 2 0.04855967 0 0.0
19 5 2 0.04855967 0 0.0
19 6 2 0.04855967 0 0.0
19 7 2 0.04855967 0 0.0
19 8 2 0.04855967 0 0.0
19 9 2 0.04855967 0 0.0
19 10 2 0.04855967 0 0.0
19 11 2 0.04855967 0 0.0
19 12 2 0.04855967 0 0.0
19 13 2 0.04855967 0 0.0
19 14 2 0.04855967 0 0.0
19 15 2 0.04855967 0 0.0
19 16 2 0.04855967 0 0.0
19 17 2 0.04855967 0 0.0
19 18 2 0.04855967 0 0.0
19 19 2 0.04855967 0 0.0
3 28 2 0.030224867 0 0.0
4 28 2 0.030224867 0 0.0
5 27 2 0.030224867 0 0.0
6 27 2 0.030224867 0 0.0
7 26 2 0.030224867 0 0.0
8 26 2 0.030224867 0 0.0
9 25 2 0.030224867 0 0.0
10 24 2 0.030224867 0 0.0
11 24 2 0.030224867 0 0.0
12 23 2 0.030224867 0 0.0
13 23 2 0.030224867 0 0.0
14 22 2 0.030224867 0 0.0
15 22 2 0.030224867 0 0.0
16 21 2 0.030224867 0 0.0
17 21 2 0.030224867 0 0.0
18 20 2 0.030224867 0 0.0
2 29 2 0.049584277 0 0.0
2 30 2 0.049584277 0 0.0
2 31 2 0.049584277 0 0.0
2 32 2 0.049584277 0 0.0
2 33 2 0.049584277 0 0.0
2 34 2 0.049584277 0 0.0
2 35 2 0.049584277 0 0.0
2 36 2 0.049584277 0 0.0
2 37 2 0.049584277 0 0.0
2 38 2 0.049584277 0 0.0
2 39 2 0.049584277 0 0.0
2 40 2 0.049584277 0 0.0
2 41 2 0.049584277 0 0.0
2 42 2 0.049584277 0 0.0
2 43 2 0.049584277 0 0.0
2 44 2 0.049584277 0 0.0
2 45 2 0.049584277 0 0.0
2 46 2 0.049584277 0 0.0
2 47 2 0.049584277 0 0.0
2 48 2 0.049584277 0 0.0
2 49 2 0.049584277 0 0.0
-999999 / C13 -- End of data for recharge period 8
30.0 1.0E-4     /C1 -- TPER, DELT (Recharge Period 9)
1.2 1.0 1.0E-5 0.1     /C2 -- TMLT, DLTMX, DLTMIN, TRED
10.0 0.0     /C3 -- DSMAX, STERR
0.0     /C4 -- POND
F     /C5 -- PRNT
T T T     /C6 -- BCIT, ETSIM, SEEP
2     /C7 -- NFCS
50 0     /C8 -- JJ, JLAST. C-9 begins next line: J, N
52 49
51 49
50 49
49 49
48 49
47 49
46 49
45 49
44 49
43 49
42 49
41 49
40 49
39 49
38 49
37 49
36 49
35 49
34 49
33 49
32 49
31 49
30 49
29 49
28 49
27 49
26 49
25 49
24 49
23 49
22 49
21 49
20 49
19 49
18 49
17 49
16 49
15 49
14 49
13 49
12 49
11 49
10 49
9 49
8 49
7 49
6 49
5 49
4 49
3 49
33 0     /C8 -- JJ, JLAST. C-9 begins next line: J, N
52 2
51 2
50 2
49 2
48 2
47 2
46 2
45 2
44 2
43 2
42 2
41 2
40 2
39 2
38 2
37 2
36 2
35 2
34 2
33 2
32 2
31 2
30 2
29 2
28 2
27 2
26 2
25 2
24 2
23 2
22 2
21 2
20 2
0     /C10 -- IBC. C11 begins next line: JJ, NN, NTX, PFDUM, (NTC, CF)
19 2 5 0.0 0 0.0
19 3 5 0.0 0 0.0
19 4 5 0.0 0 0.0
19 5 5 0.0 0 0.0
19 6 5 0.0 0 0.0
19 7 5 0.0 0 0.0
19 8 5 0.0 0 0.0
19 9 5 0.0 0 0.0
19 10 5 0.0 0 0.0
19 11 5 0.0 0 0.0
19 12 5 0.0 0 0.0
19 13 5 0.0 0 0.0
19 14 5 0.0 0 0.0
19 15 5 0.0 0 0.0
19 16 5 0.0 0 0.0
19 17 5 0.0 0 0.0
19 18 5 0.0 0 0.0
19 19 5 0.0 0 0.0
3 28 5 0.0 0 0.0
4 28 5 0.0 0 0.0
5 27 5 0.0 0 0.0
6 27 5 0.0 0 0.0
7 26 5 0.0 0 0.0
8 26 5 0.0 0 0.0
9 25 5 0.0 0 0.0
10 24 5 0.0 0 0.0
11 24 5 0.0 0 0.0
12 23 5 0.0 0 0.0
13 23 5 0.0 0 0.0
14 22 5 0.0 0 0.0
15 22 5 0.0 0 0.0
16 21 5 0.0 0 0.0
17 21 5 0.0 0 0.0
18 20 5 0.0 0 0.0
2 29 5 0.0 0 0.0
2 30 5 0.0 0 0.0
2 31 5 0.0 0 0.0
2 32 5 0.0 0 0.0
2 33 5 0.0 0 0.0
2 34 5 0.0 0 0.0
2 35 5 0.0 0 0.0
2 36 5 0.0 0 0.0
2 37 5 0.0 0 0.0
2 38 5 0.0 0 0.0
2 39 5 0.0 0 0.0
2 40 5 0.0 0 0.0
2 41 5 0.0 0 0.0
2 42 5 0.0 0 0.0
2 43 5 0.0 0 0.0
2 44 5 0.0 0 0.0
2 45 5 0.0 0 0.0
2 46 5 0.0 0 0.0
2 47 5 0.0 0 0.0
2 48 5 0.0 0 0.0
2 49 5 0.0 0 0.0
-999999 / C13 -- End of data for recharge period 9
2.0 1.0E-4     /C1 -- TPER, DELT (Recharge Period 10)
1.2 1.0 1.0E-5 0.1     /C2 -- TMLT, DLTMX, DLTMIN, TRED
10.0 0.0     /C3 -- DSMAX, STERR
0.0     /C4 -- POND
F     /C5 -- PRNT
F F T     /C6 -- BCIT, ETSIM, SEEP
2     /C7 -- NFCS
50 0     /C8 -- JJ, JLAST. C-9 begins next line: J, N
52 49
51 49
50 49
49 49
48 49
47 49
46 49
45 49
44 49
43 49
42 49
41 49
40 49
39 49
38 49
37 49
36 49
35 49
34 49
33 49
32 49
31 49
30 49
29 49
28 49
27 49
26 49
25 49
24 49
23 49
22 49
21 49
20 49
19 49
18 49
17 49
16 49
15 49
14 49
13 49
12 49
11 49
10 49
9 49
8 49
7 49
6 49
5 49
4 49
3 49
33 0     /C8 -- JJ, JLAST. C-9 begins next line: J, N
52 2
51 2
50 2
49 2
48 2
47 2
46 2
45 2
44 2
43 2
42 2
41 2
40 2
39 2
38 2
37 2
36 2
35 2
34 2
33 2
32 2
31 2
30 2
29 2
28 2
27 2
26 2
25 2
24 2
23 2
22 2
21 2
20 2
0     /C10 -- IBC. C11 begins next line: JJ, NN, NTX, PFDUM, (NTC, CF)
19 2 2 0.04855967 0 0.0
19 3 2 0.04855967 0 0.0
19 4 2 0.04855967 0 0.0
19 5 2 0.04855967 0 0.0
19 6 2 0.04855967 0 0.0
19 7 2 0.04855967 0 0.0
19 8 2 0.04855967 0 0.0
19 9 2 0.04855967 0 0.0
19 10 2 0.04855967 0 0.0
19 11 2 0.04855967 0 0.0
19 12 2 0.04855967 0 0.0
19 13 2 0.04855967 0 0.0
19 14 2 0.04855967 0 0.0
19 15 2 0.04855967 0 0.0
19 16 2 0.04855967 0 0.0
19 17 2 0.04855967 0 0.0
19 18 2 0.04855967 0 0.0
19 19 2 0.04855967 0 0.0
3 28 2 0.030224867 0 0.0
4 28 2 0.030224867 0 0.0
5 27 2 0.030224867 0 0.0
6 27 2 0.030224867 0 0.0
7 26 2 0.030224867 0 0.0
8 26 2 0.030224867 0 0.0
9 25 2 0.030224867 0 0.0
10 24 2 0.030224867 0 0.0
11 24 2 0.030224867 0 0.0
12 23 2 0.030224867 0 0.0
13 23 2 0.030224867 0 0.0
14 22 2 0.030224867 0 0.0
15 22 2 0.030224867 0 0.0
16 21 2 0.030224867 0 0.0
17 21 2 0.030224867 0 0.0
18 20 2 0.030224867 0 0.0
2 29 2 0.049584277 0 0.0
2 30 2 0.049584277 0 0.0
2 31 2 0.049584277 0 0.0
2 32 2 0.049584277 0 0.0
2 33 2 0.049584277 0 0.0
2 34 2 0.049584277 0 0.0
2 35 2 0.049584277 0 0.0
2 36 2 0.049584277 0 0.0
2 37 2 0.049584277 0 0.0
2 38 2 0.049584277 0 0.0
2 39 2 0.049584277 0 0.0
2 40 2 0.049584277 0 0.0
2 41 2 0.049584277 0 0.0
2 42 2 0.049584277 0 0.0
2 43 2 0.049584277 0 0.0
2 44 2 0.049584277 0 0.0
2 45 2 0.049584277 0 0.0
2 46 2 0.049584277 0 0.0
2 47 2 0.049584277 0 0.0
2 48 2 0.049584277 0 0.0
2 49 2 0.049584277 0 0.0
-999999 / C13 -- End of data for recharge period 10
30.0 1.0E-4     /C1 -- TPER, DELT (Recharge Period 11)
1.2 1.0 1.0E-5 0.1     /C2 -- TMLT, DLTMX, DLTMIN, TRED
10.0 0.0     /C3 -- DSMAX, STERR
0.0     /C4 -- POND
F     /C5 -- PRNT
T T T     /C6 -- BCIT, ETSIM, SEEP
2     /C7 -- NFCS
50 0     /C8 -- JJ, JLAST. C-9 begins next line: J, N
52 49
51 49
50 49
49 49
48 49
47 49
46 49
45 49
44 49
43 49
42 49
41 49
40 49
39 49
38 49
37 49
36 49
35 49
34 49
33 49
32 49
31 49
30 49
29 49
28 49
27 49
26 49
25 49
24 49
23 49
22 49
21 49
20 49
19 49
18 49
17 49
16 49
15 49
14 49
13 49
12 49
11 49
10 49
9 49
8 49
7 49
6 49
5 49
4 49
3 49
33 0     /C8 -- JJ, JLAST. C-9 begins next line: J, N
52 2
51 2
50 2
49 2
48 2
47 2
46 2
45 2
44 2
43 2
42 2
41 2
40 2
39 2
38 2
37 2
36 2
35 2
34 2
33 2
32 2
31 2
30 2
29 2
28 2
27 2
26 2
25 2
24 2
23 2
22 2
21 2
20 2
0     /C10 -- IBC. C11 begins next line: JJ, NN, NTX, PFDUM, (NTC, CF)
19 2 5 0.0 0 0.0
19 3 5 0.0 0 0.0
19 4 5 0.0 0 0.0
19 5 5 0.0 0 0.0
19 6 5 0.0 0 0.0
19 7 5 0.0 0 0.0
19 8 5 0.0 0 0.0
19 9 5 0.0 0 0.0
19 10 5 0.0 0 0.0
19 11 5 0.0 0 0.0
19 12 5 0.0 0 0.0
19 13 5 0.0 0 0.0
19 14 5 0.0 0 0.0
19 15 5 0.0 0 0.0
19 16 5 0.0 0 0.0
19 17 5 0.0 0 0.0
19 18 5 0.0 0 0.0
19 19 5 0.0 0 0.0
3 28 5 0.0 0 0.0
4 28 5 0.0 0 0.0
5 27 5 0.0 0 0.0
6 27 5 0.0 0 0.0
7 26 5 0.0 0 0.0
8 26 5 0.0 0 0.0
9 25 5 0.0 0 0.0
10 24 5 0.0 0 0.0
11 24 5 0.0 0 0.0
12 23 5 0.0 0 0.0
13 23 5 0.0 0 0.0
14 22 5 0.0 0 0.0
15 22 5 0.0 0 0.0
16 21 5 0.0 0 0.0
17 21 5 0.0 0 0.0
18 20 5 0.0 0 0.0
2 29 5 0.0 0 0.0
2 30 5 0.0 0 0.0
2 31 5 0.0 0 0.0
2 32 5 0.0 0 0.0
2 33 5 0.0 0 0.0
2 34 5 0.0 0 0.0
2 35 5 0.0 0 0.0
2 36 5 0.0 0 0.0
2 37 5 0.0 0 0.0
2 38 5 0.0 0 0.0
2 39 5 0.0 0 0.0
2 40 5 0.0 0 0.0
2 41 5 0.0 0 0.0
2 42 5 0.0 0 0.0
2 43 5 0.0 0 0.0
2 44 5 0.0 0 0.0
2 45 5 0.0 0 0.0
2 46 5 0.0 0 0.0
2 47 5 0.0 0 0.0
2 48 5 0.0 0 0.0
2 49 5 0.0 0 0.0
-999999 / C13 -- End of data for recharge period 11
2.0 1.0E-4     /C1 -- TPER, DELT (Recharge Period 12)
1.2 1.0 1.0E-5 0.1     /C2 -- TMLT, DLTMX, DLTMIN, TRED
10.0 0.0     /C3 -- DSMAX, STERR
0.0     /C4 -- POND
F     /C5 -- PRNT
F F T     /C6 -- BCIT, ETSIM, SEEP
2     /C7 -- NFCS
50 0     /C8 -- JJ, JLAST. C-9 begins next line: J, N
52 49
51 49
50 49
49 49
48 49
47 49
46 49
45 49
44 49
43 49
42 49
41 49
40 49
39 49
38 49
37 49
36 49
35 49
34 49
33 49
32 49
31 49
30 49
29 49
28 49
27 49
26 49
25 49
24 49
23 49
22 49
21 49
20 49
19 49
18 49
17 49
16 49
15 49
14 49
13 49
12 49
11 49
10 49
9 49
8 49
7 49
6 49
5 49
4 49
3 49
33 0     /C8 -- JJ, JLAST. C-9 begins next line: J, N
52 2
51 2
50 2
49 2
48 2
47 2
46 2
45 2
44 2
43 2
42 2
41 2
40 2
39 2
38 2
37 2
36 2
35 2
34 2
33 2
32 2
31 2
30 2
29 2
28 2
27 2
26 2
25 2
24 2
23 2
22 2
21 2
20 2
0     /C10 -- IBC. C11 begins next line: JJ, NN, NTX, PFDUM, (NTC, CF)
19 2 2 0.04855967 0 0.0
19 3 2 0.04855967 0 0.0
19 4 2 0.04855967 0 0.0
19 5 2 0.04855967 0 0.0
19 6 2 0.04855967 0 0.0
19 7 2 0.04855967 0 0.0
19 8 2 0.04855967 0 0.0
19 9 2 0.04855967 0 0.0
19 10 2 0.04855967 0 0.0
19 11 2 0.04855967 0 0.0
19 12 2 0.04855967 0 0.0
19 13 2 0.04855967 0 0.0
19 14 2 0.04855967 0 0.0
19 15 2 0.04855967 0 0.0
19 16 2 0.04855967 0 0.0
19 17 2 0.04855967 0 0.0
19 18 2 0.04855967 0 0.0
19 19 2 0.04855967 0 0.0
3 28 2 0.030224867 0 0.0
4 28 2 0.030224867 0 0.0
5 27 2 0.030224867 0 0.0
6 27 2 0.030224867 0 0.0
7 26 2 0.030224867 0 0.0
8 26 2 0.030224867 0 0.0
9 25 2 0.030224867 0 0.0
10 24 2 0.030224867 0 0.0
11 24 2 0.030224867 0 0.0
12 23 2 0.030224867 0 0.0
13 23 2 0.030224867 0 0.0
14 22 2 0.030224867 0 0.0
15 22 2 0.030224867 0 0.0
16 21 2 0.030224867 0 0.0
17 21 2 0.030224867 0 0.0
18 20 2 0.030224867 0 0.0
2 29 2 0.049584277 0 0.0
2 30 2 0.049584277 0 0.0
2 31 2 0.049584277 0 0.0
2 32 2 0.049584277 0 0.0
2 33 2 0.049584277 0 0.0
2 34 2 0.049584277 0 0.0
2 35 2 0.049584277 0 0.0
2 36 2 0.049584277 0 0.0
2 37 2 0.049584277 0 0.0
2 38 2 0.049584277 0 0.0
2 39 2 0.049584277 0 0.0
2 40 2 0.049584277 0 0.0
2 41 2 0.049584277 0 0.0
2 42 2 0.049584277 0 0.0
2 43 2 0.049584277 0 0.0
2 44 2 0.049584277 0 0.0
2 45 2 0.049584277 0 0.0
2 46 2 0.049584277 0 0.0
2 47 2 0.049584277 0 0.0
2 48 2 0.049584277 0 0.0
2 49 2 0.049584277 0 0.0
-999999 / C13 -- End of data for recharge period 12
30.0 1.0E-4     /C1 -- TPER, DELT (Recharge Period 13)
1.2 1.0 1.0E-5 0.1     /C2 -- TMLT, DLTMX, DLTMIN, TRED
10.0 0.0     /C3 -- DSMAX, STERR
0.0     /C4 -- POND
F     /C5 -- PRNT
T T T     /C6 -- BCIT, ETSIM, SEEP
2     /C7 -- NFCS
50 0     /C8 -- JJ, JLAST. C-9 begins next line: J, N
52 49
51 49
50 49
49 49
48 49
47 49
46 49
45 49
44 49
43 49
42 49
41 49
40 49
39 49
38 49
37 49
36 49
35 49
34 49
33 49
32 49
31 49
30 49
29 49
28 49
27 49
26 49
25 49
24 49
23 49
22 49
21 49
20 49
19 49
18 49
17 49
16 49
15 49
14 49
13 49
12 49
11 49
10 49
9 49
8 49
7 49
6 49
5 49
4 49
3 49
33 0     /C8 -- JJ, JLAST. C-9 begins next line: J, N
52 2
51 2
50 2
49 2
48 2
47 2
46 2
45 2
44 2
43 2
42 2
41 2
40 2
39 2
38 2
37 2
36 2
35 2
34 2
33 2
32 2
31 2
30 2
29 2
28 2
27 2
26 2
25 2
24 2
23 2
22 2
21 2
20 2
0     /C10 -- IBC. C11 begins next line: JJ, NN, NTX, PFDUM, (NTC, CF)
19 2 5 0.0 0 0.0
19 3 5 0.0 0 0.0
19 4 5 0.0 0 0.0
19 5 5 0.0 0 0.0
19 6 5 0.0 0 0.0
19 7 5 0.0 0 0.0
19 8 5 0.0 0 0.0
19 9 5 0.0 0 0.0
19 10 5 0.0 0 0.0
19 11 5 0.0 0 0.0
19 12 5 0.0 0 0.0
19 13 5 0.0 0 0.0
19 14 5 0.0 0 0.0
19 15 5 0.0 0 0.0
19 16 5 0.0 0 0.0
19 17 5 0.0 0 0.0
19 18 5 0.0 0 0.0
19 19 5 0.0 0 0.0
3 28 5 0.0 0 0.0
4 28 5 0.0 0 0.0
5 27 5 0.0 0 0.0
6 27 5 0.0 0 0.0
7 26 5 0.0 0 0.0
8 26 5 0.0 0 0.0
9 25 5 0.0 0 0.0
10 24 5 0.0 0 0.0
11 24 5 0.0 0 0.0
12 23 5 0.0 0 0.0
13 23 5 0.0 0 0.0
14 22 5 0.0 0 0.0
15 22 5 0.0 0 0.0
16 21 5 0.0 0 0.0
17 21 5 0.0 0 0.0
18 20 5 0.0 0 0.0
2 29 5 0.0 0 0.0
2 30 5 0.0 0 0.0
2 31 5 0.0 0 0.0
2 32 5 0.0 0 0.0
2 33 5 0.0 0 0.0
2 34 5 0.0 0 0.0
2 35 5 0.0 0 0.0
2 36 5 0.0 0 0.0
2 37 5 0.0 0 0.0
2 38 5 0.0 0 0.0
2 39 5 0.0 0 0.0
2 40 5 0.0 0 0.0
2 41 5 0.0 0 0.0
2 42 5 0.0 0 0.0
2 43 5 0.0 0 0.0
2 44 5 0.0 0 0.0
2 45 5 0.0 0 0.0
2 46 5 0.0 0 0.0
2 47 5 0.0 0 0.0
2 48 5 0.0 0 0.0
2 49 5 0.0 0 0.0
-999999 / C13 -- End of data for recharge period 13
2.0 1.0E-4     /C1 -- TPER, DELT (Recharge Period 14)
1.2 1.0 1.0E-5 0.1     /C2 -- TMLT, DLTMX, DLTMIN, TRED
10.0 0.0     /C3 -- DSMAX, STERR
0.0     /C4 -- POND
F     /C5 -- PRNT
F F T     /C6 -- BCIT, ETSIM, SEEP
2     /C7 -- NFCS
50 0     /C8 -- JJ, JLAST. C-9 begins next line: J, N
52 49
51 49
50 49
49 49
48 49
47 49
46 49
45 49
44 49
43 49
42 49
41 49
40 49
39 49
38 49
37 49
36 49
35 49
34 49
33 49
32 49
31 49
30 49
29 49
28 49
27 49
26 49
25 49
24 49
23 49
22 49
21 49
20 49
19 49
18 49
17 49
16 49
15 49
14 49
13 49
12 49
11 49
10 49
9 49
8 49
7 49
6 49
5 49
4 49
3 49
33 0     /C8 -- JJ, JLAST. C-9 begins next line: J, N
52 2
51 2
50 2
49 2
48 2
47 2
46 2
45 2
44 2
43 2
42 2
41 2
40 2
39 2
38 2
37 2
36 2
35 2
34 2
33 2
32 2
31 2
30 2
29 2
28 2
27 2
26 2
25 2
24 2
23 2
22 2
21 2
20 2
0     /C10 -- IBC. C11 begins next line: JJ, NN, NTX, PFDUM, (NTC, CF)
19 2 2 0.04855967 0 0.0
19 3 2 0.04855967 0 0.0
19 4 2 0.04855967 0 0.0
19 5 2 0.04855967 0 0.0
19 6 2 0.04855967 0 0.0
19 7 2 0.04855967 0 0.0
19 8 2 0.04855967 0 0.0
19 9 2 0.04855967 0 0.0
19 10 2 0.04855967 0 0.0
19 11 2 0.04855967 0 0.0
19 12 2 0.04855967 0 0.0
19 13 2 0.04855967 0 0.0
19 14 2 0.04855967 0 0.0
19 15 2 0.04855967 0 0.0
19 16 2 0.04855967 0 0.0
19 17 2 0.04855967 0 0.0
19 18 2 0.04855967 0 0.0
19 19 2 0.04855967 0 0.0
3 28 2 0.030224867 0 0.0
4 28 2 0.030224867 0 0.0
5 27 2 0.030224867 0 0.0
6 27 2 0.030224867 0 0.0
7 26 2 0.030224867 0 0.0
8 26 2 0.030224867 0 0.0
9 25 2 0.030224867 0 0.0
10 24 2 0.030224867 0 0.0
11 24 2 0.030224867 0 0.0
12 23 2 0.030224867 0 0.0
13 23 2 0.030224867 0 0.0
14 22 2 0.030224867 0 0.0
15 22 2 0.030224867 0 0.0
16 21 2 0.030224867 0 0.0
17 21 2 0.030224867 0 0.0
18 20 2 0.030224867 0 0.0
2 29 2 0.049584277 0 0.0
2 30 2 0.049584277 0 0.0
2 31 2 0.049584277 0 0.0
2 32 2 0.049584277 0 0.0
2 33 2 0.049584277 0 0.0
2 34 2 0.049584277 0 0.0
2 35 2 0.049584277 0 0.0
2 36 2 0.049584277 0 0.0
2 37 2 0.049584277 0 0.0
2 38 2 0.049584277 0 0.0
2 39 2 0.049584277 0 0.0
2 40 2 0.049584277 0 0.0
2 41 2 0.049584277 0 0.0
2 42 2 0.049584277 0 0.0
2 43 2 0.049584277 0 0.0
2 44 2 0.049584277 0 0.0
2 45 2 0.049584277 0 0.0
2 46 2 0.049584277 0 0.0
2 47 2 0.049584277 0 0.0
2 48 2 0.049584277 0 0.0
2 49 2 0.049584277 0 0.0
-999999 / C13 -- End of data for recharge period 14
30.0 1.0E-4     /C1 -- TPER, DELT (Recharge Period 15)
1.2 1.0 1.0E-5 0.1     /C2 -- TMLT, DLTMX, DLTMIN, TRED
10.0 0.0     /C3 -- DSMAX, STERR
0.0     /C4 -- POND
F     /C5 -- PRNT
T T T     /C6 -- BCIT, ETSIM, SEEP
2     /C7 -- NFCS
50 0     /C8 -- JJ, JLAST. C-9 begins next line: J, N
52 49
51 49
50 49
49 49
48 49
47 49
46 49
45 49
44 49
43 49
42 49
41 49
40 49
39 49
38 49
37 49
36 49
35 49
34 49
33 49
32 49
31 49
30 49
29 49
28 49
27 49
26 49
25 49
24 49
23 49
22 49
21 49
20 49
19 49
18 49
17 49
16 49
15 49
14 49
13 49
12 49
11 49
10 49
9 49
8 49
7 49
6 49
5 49
4 49
3 49
33 0     /C8 -- JJ, JLAST. C-9 begins next line: J, N
52 2
51 2
50 2
49 2
48 2
47 2
46 2
45 2
44 2
43 2
42 2
41 2
40 2
39 2
38 2
37 2
36 2
35 2
34 2
33 2
32 2
31 2
30 2
29 2
28 2
27 2
26 2
25 2
24 2
23 2
22 2
21 2
20 2
0     /C10 -- IBC. C11 begins next line: JJ, NN, NTX, PFDUM, (NTC, CF)
19 2 5 0.0 0 0.0
19 3 5 0.0 0 0.0
19 4 5 0.0 0 0.0
19 5 5 0.0 0 0.0
19 6 5 0.0 0 0.0
19 7 5 0.0 0 0.0
19 8 5 0.0 0 0.0
19 9 5 0.0 0 0.0
19 10 5 0.0 0 0.0
19 11 5 0.0 0 0.0
19 12 5 0.0 0 0.0
19 13 5 0.0 0 0.0
19 14 5 0.0 0 0.0
19 15 5 0.0 0 0.0
19 16 5 0.0 0 0.0
19 17 5 0.0 0 0.0
19 18 5 0.0 0 0.0
19 19 5 0.0 0 0.0
3 28 5 0.0 0 0.0
4 28 5 0.0 0 0.0
5 27 5 0.0 0 0.0
6 27 5 0.0 0 0.0
7 26 5 0.0 0 0.0
8 26 5 0.0 0 0.0
9 25 5 0.0 0 0.0
10 24 5 0.0 0 0.0
11 24 5 0.0 0 0.0
12 23 5 0.0 0 0.0
13 23 5 0.0 0 0.0
14 22 5 0.0 0 0.0
15 22 5 0.0 0 0.0
16 21 5 0.0 0 0.0
17 21 5 0.0 0 0.0
18 20 5 0.0 0 0.0
2 29 5 0.0 0 0.0
2 30 5 0.0 0 0.0
2 31 5 0.0 0 0.0
2 32 5 0.0 0 0.0
2 33 5 0.0 0 0.0
2 34 5 0.0 0 0.0
2 35 5 0.0 0 0.0
2 36 5 0.0 0 0.0
2 37 5 0.0 0 0.0
2 38 5 0.0 0 0.0
2 39 5 0.0 0 0.0
2 40 5 0.0 0 0.0
2 41 5 0.0 0 0.0
2 42 5 0.0 0 0.0
2 43 5 0.0 0 0.0
2 44 5 0.0 0 0.0
2 45 5 0.0 0 0.0
2 46 5 0.0 0 0.0
2 47 5 0.0 0 0.0
2 48 5 0.0 0 0.0
2 49 5 0.0 0 0.0
-999999 / C13 -- End of data for recharge period 15
2.0 1.0E-4     /C1 -- TPER, DELT (Recharge Period 16)
1.2 1.0 1.0E-5 0.1     /C2 -- TMLT, DLTMX, DLTMIN, TRED
10.0 0.0     /C3 -- DSMAX, STERR
0.0     /C4 -- POND
F     /C5 -- PRNT
F F T     /C6 -- BCIT, ETSIM, SEEP
2     /C7 -- NFCS
50 0     /C8 -- JJ, JLAST. C-9 begins next line: J, N
52 49
51 49
50 49
49 49
48 49
47 49
46 49
45 49
44 49
43 49
42 49
41 49
40 49
39 49
38 49
37 49
36 49
35 49
34 49
33 49
32 49
31 49
30 49
29 49
28 49
27 49
26 49
25 49
24 49
23 49
22 49
21 49
20 49
19 49
18 49
17 49
16 49
15 49
14 49
13 49
12 49
11 49
10 49
9 49
8 49
7 49
6 49
5 49
4 49
3 49
33 0     /C8 -- JJ, JLAST. C-9 begins next line: J, N
52 2
51 2
50 2
49 2
48 2
47 2
46 2
45 2
44 2
43 2
42 2
41 2
40 2
39 2
38 2
37 2
36 2
35 2
34 2
33 2
32 2
31 2
30 2
29 2
28 2
27 2
26 2
25 2
24 2
23 2
22 2
21 2
20 2
0     /C10 -- IBC. C11 begins next line: JJ, NN, NTX, PFDUM, (NTC, CF)
19 2 2 0.04855967 0 0.0
19 3 2 0.04855967 0 0.0
19 4 2 0.04855967 0 0.0
19 5 2 0.04855967 0 0.0
19 6 2 0.04855967 0 0.0
19 7 2 0.04855967 0 0.0
19 8 2 0.04855967 0 0.0
19 9 2 0.04855967 0 0.0
19 10 2 0.04855967 0 0.0
19 11 2 0.04855967 0 0.0
19 12 2 0.04855967 0 0.0
19 13 2 0.04855967 0 0.0
19 14 2 0.04855967 0 0.0
19 15 2 0.04855967 0 0.0
19 16 2 0.04855967 0 0.0
19 17 2 0.04855967 0 0.0
19 18 2 0.04855967 0 0.0
19 19 2 0.04855967 0 0.0
3 28 2 0.030224867 0 0.0
4 28 2 0.030224867 0 0.0
5 27 2 0.030224867 0 0.0
6 27 2 0.030224867 0 0.0
7 26 2 0.030224867 0 0.0
8 26 2 0.030224867 0 0.0
9 25 2 0.030224867 0 0.0
10 24 2 0.030224867 0 0.0
11 24 2 0.030224867 0 0.0
12 23 2 0.030224867 0 0.0
13 23 2 0.030224867 0 0.0
14 22 2 0.030224867 0 0.0
15 22 2 0.030224867 0 0.0
16 21 2 0.030224867 0 0.0
17 21 2 0.030224867 0 0.0
18 20 2 0.030224867 0 0.0
2 29 2 0.049584277 0 0.0
2 30 2 0.049584277 0 0.0
2 31 2 0.049584277 0 0.0
2 32 2 0.049584277 0 0.0
2 33 2 0.049584277 0 0.0
2 34 2 0.049584277 0 0.0
2 35 2 0.049584277 0 0.0
2 36 2 0.049584277 0 0.0
2 37 2 0.049584277 0 0.0
2 38 2 0.049584277 0 0.0
2 39 2 0.049584277 0 0.0
2 40 2 0.049584277 0 0.0
2 41 2 0.049584277 0 0.0
2 42 2 0.049584277 0 0.0
2 43 2 0.049584277 0 0.0
2 44 2 0.049584277 0 0.0
2 45 2 0.049584277 0 0.0
2 46 2 0.049584277 0 0.0
2 47 2 0.049584277 0 0.0
2 48 2 0.049584277 0 0.0
2 49 2 0.049584277 0 0.0
-999999 / C13 -- End of data for recharge period 16
30.0 1.0E-4     /C1 -- TPER, DELT (Recharge Period 17)
1.2 1.0 1.0E-5 0.1     /C2 -- TMLT, DLTMX, DLTMIN, TRED
10.0 0.0     /C3 -- DSMAX, STERR
0.0     /C4 -- POND
F     /C5 -- PRNT
T T T     /C6 -- BCIT, ETSIM, SEEP
2     /C7 -- NFCS
50 0     /C8 -- JJ, JLAST. C-9 begins next line: J, N
52 49
51 49
50 49
49 49
48 49
47 49
46 49
45 49
44 49
43 49
42 49
41 49
40 49
39 49
38 49
37 49
36 49
35 49
34 49
33 49
32 49
31 49
30 49
29 49
28 49
27 49
26 49
25 49
24 49
23 49
22 49
21 49
20 49
19 49
18 49
17 49
16 49
15 49
14 49
13 49
12 49
11 49
10 49
9 49
8 49
7 49
6 49
5 49
4 49
3 49
33 0     /C8 -- JJ, JLAST. C-9 begins next line: J, N
52 2
51 2
50 2
49 2
48 2
47 2
46 2
45 2
44 2
43 2
42 2
41 2
40 2
39 2
38 2
37 2
36 2
35 2
34 2
33 2
32 2
31 2
30 2
29 2
28 2
27 2
26 2
25 2
24 2
23 2
22 2
21 2
20 2
0     /C10 -- IBC. C11 begins next line: JJ, NN, NTX, PFDUM, (NTC, CF)
19 2 5 0.0 0 0.0
19 3 5 0.0 0 0.0
19 4 5 0.0 0 0.0
19 5 5 0.0 0 0.0
19 6 5 0.0 0 0.0
19 7 5 0.0 0 0.0
19 8 5 0.0 0 0.0
19 9 5 0.0 0 0.0
19 10 5 0.0 0 0.0
19 11 5 0.0 0 0.0
19 12 5 0.0 0 0.0
19 13 5 0.0 0 0.0
19 14 5 0.0 0 0.0
19 15 5 0.0 0 0.0
19 16 5 0.0 0 0.0
19 17 5 0.0 0 0.0
19 18 5 0.0 0 0.0
19 19 5 0.0 0 0.0
3 28 5 0.0 0 0.0
4 28 5 0.0 0 0.0
5 27 5 0.0 0 0.0
6 27 5 0.0 0 0.0
7 26 5 0.0 0 0.0
8 26 5 0.0 0 0.0
9 25 5 0.0 0 0.0
10 24 5 0.0 0 0.0
11 24 5 0.0 0 0.0
12 23 5 0.0 0 0.0
13 23 5 0.0 0 0.0
14 22 5 0.0 0 0.0
15 22 5 0.0 0 0.0
16 21 5 0.0 0 0.0
17 21 5 0.0 0 0.0
18 20 5 0.0 0 0.0
2 29 5 0.0 0 0.0
2 30 5 0.0 0 0.0
2 31 5 0.0 0 0.0
2 32 5 0.0 0 0.0
2 33 5 0.0 0 0.0
2 34 5 0.0 0 0.0
2 35 5 0.0 0 0.0
2 36 5 0.0 0 0.0
2 37 5 0.0 0 0.0
2 38 5 0.0 0 0.0
2 39 5 0.0 0 0.0
2 40 5 0.0 0 0.0
2 41 5 0.0 0 0.0
2 42 5 0.0 0 0.0
2 43 5 0.0 0 0.0
2 44 5 0.0 0 0.0
2 45 5 0.0 0 0.0
2 46 5 0.0 0 0.0
2 47 5 0.0 0 0.0
2 48 5 0.0 0 0.0
2 49 5 0.0 0 0.0
-999999 / C13 -- End of data for recharge period 17
2.0 1.0E-4     /C1 -- TPER, DELT (Recharge Period 18)
1.2 1.0 1.0E-5 0.1     /C2 -- TMLT, DLTMX, DLTMIN, TRED
10.0 0.0     /C3 -- DSMAX, STERR
0.0     /C4 -- POND
F     /C5 -- PRNT
F F T     /C6 -- BCIT, ETSIM, SEEP
2     /C7 -- NFCS
50 0     /C8 -- JJ, JLAST. C-9 begins next line: J, N
52 49
51 49
50 49
49 49
48 49
47 49
46 49
45 49
44 49
43 49
42 49
41 49
40 49
39 49
38 49
37 49
36 49
35 49
34 49
33 49
32 49
31 49
30 49
29 49
28 49
27 49
26 49
25 49
24 49
23 49
22 49
21 49
20 49
19 49
18 49
17 49
16 49
15 49
14 49
13 49
12 49
11 49
10 49
9 49
8 49
7 49
6 49
5 49
4 49
3 49
33 0     /C8 -- JJ, JLAST. C-9 begins next line: J, N
52 2
51 2
50 2
49 2
48 2
47 2
46 2
45 2
44 2
43 2
42 2
41 2
40 2
39 2
38 2
37 2
36 2
35 2
34 2
33 2
32 2
31 2
30 2
29 2
28 2
27 2
26 2
25 2
24 2
23 2
22 2
21 2
20 2
0     /C10 -- IBC. C11 begins next line: JJ, NN, NTX, PFDUM, (NTC, CF)
19 2 2 0.04855967 0 0.0
19 3 2 0.04855967 0 0.0
19 4 2 0.04855967 0 0.0
19 5 2 0.04855967 0 0.0
19 6 2 0.04855967 0 0.0
19 7 2 0.04855967 0 0.0
19 8 2 0.04855967 0 0.0
19 9 2 0.04855967 0 0.0
19 10 2 0.04855967 0 0.0
19 11 2 0.04855967 0 0.0
19 12 2 0.04855967 0 0.0
19 13 2 0.04855967 0 0.0
19 14 2 0.04855967 0 0.0
19 15 2 0.04855967 0 0.0
19 16 2 0.04855967 0 0.0
19 17 2 0.04855967 0 0.0
19 18 2 0.04855967 0 0.0
19 19 2 0.04855967 0 0.0
3 28 2 0.030224867 0 0.0
4 28 2 0.030224867 0 0.0
5 27 2 0.030224867 0 0.0
6 27 2 0.030224867 0 0.0
7 26 2 0.030224867 0 0.0
8 26 2 0.030224867 0 0.0
9 25 2 0.030224867 0 0.0
10 24 2 0.030224867 0 0.0
11 24 2 0.030224867 0 0.0
12 23 2 0.030224867 0 0.0
13 23 2 0.030224867 0 0.0
14 22 2 0.030224867 0 0.0
15 22 2 0.030224867 0 0.0
16 21 2 0.030224867 0 0.0
17 21 2 0.030224867 0 0.0
18 20 2 0.030224867 0 0.0
2 29 2 0.049584277 0 0.0
2 30 2 0.049584277 0 0.0
2 31 2 0.049584277 0 0.0
2 32 2 0.049584277 0 0.0
2 33 2 0.049584277 0 0.0
2 34 2 0.049584277 0 0.0
2 35 2 0.049584277 0 0.0
2 36 2 0.049584277 0 0.0
2 37 2 0.049584277 0 0.0
2 38 2 0.049584277 0 0.0
2 39 2 0.049584277 0 0.0
2 40 2 0.049584277 0 0.0
2 41 2 0.049584277 0 0.0
2 42 2 0.049584277 0 0.0
2 43 2 0.049584277 0 0.0
2 44 2 0.049584277 0 0.0
2 45 2 0.049584277 0 0.0
2 46 2 0.049584277 0 0.0
2 47 2 0.049584277 0 0.0
2 48 2 0.049584277 0 0.0
2 49 2 0.049584277 0 0.0
-999999 / C13 -- End of data for recharge period 18
30.0 1.0E-4     /C1 -- TPER, DELT (Recharge Period 19)
1.2 1.0 1.0E-5 0.1     /C2 -- TMLT, DLTMX, DLTMIN, TRED
10.0 0.0     /C3 -- DSMAX, STERR
0.0     /C4 -- POND
F     /C5 -- PRNT
T T T     /C6 -- BCIT, ETSIM, SEEP
2     /C7 -- NFCS
50 0     /C8 -- JJ, JLAST. C-9 begins next line: J, N
52 49
51 49
50 49
49 49
48 49
47 49
46 49
45 49
44 49
43 49
42 49
41 49
40 49
39 49
38 49
37 49
36 49
35 49
34 49
33 49
32 49
31 49
30 49
29 49
28 49
27 49
26 49
25 49
24 49
23 49
22 49
21 49
20 49
19 49
18 49
17 49
16 49
15 49
14 49
13 49
12 49
11 49
10 49
9 49
8 49
7 49
6 49
5 49
4 49
3 49
33 0     /C8 -- JJ, JLAST. C-9 begins next line: J, N
52 2
51 2
50 2
49 2
48 2
47 2
46 2
45 2
44 2
43 2
42 2
41 2
40 2
39 2
38 2
37 2
36 2
35 2
34 2
33 2
32 2
31 2
30 2
29 2
28 2
27 2
26 2
25 2
24 2
23 2
22 2
21 2
20 2
0     /C10 -- IBC. C11 begins next line: JJ, NN, NTX, PFDUM, (NTC, CF)
19 2 5 0.0 0 0.0
19 3 5 0.0 0 0.0
19 4 5 0.0 0 0.0
19 5 5 0.0 0 0.0
19 6 5 0.0 0 0.0
19 7 5 0.0 0 0.0
19 8 5 0.0 0 0.0
19 9 5 0.0 0 0.0
19 10 5 0.0 0 0.0
19 11 5 0.0 0 0.0
19 12 5 0.0 0 0.0
19 13 5 0.0 0 0.0
19 14 5 0.0 0 0.0
19 15 5 0.0 0 0.0
19 16 5 0.0 0 0.0
19 17 5 0.0 0 0.0
19 18 5 0.0 0 0.0
19 19 5 0.0 0 0.0
3 28 5 0.0 0 0.0
4 28 5 0.0 0 0.0
5 27 5 0.0 0 0.0
6 27 5 0.0 0 0.0
7 26 5 0.0 0 0.0
8 26 5 0.0 0 0.0
9 25 5 0.0 0 0.0
10 24 5 0.0 0 0.0
11 24 5 0.0 0 0.0
12 23 5 0.0 0 0.0
13 23 5 0.0 0 0.0
14 22 5 0.0 0 0.0
15 22 5 0.0 0 0.0
16 21 5 0.0 0 0.0
17 21 5 0.0 0 0.0
18 20 5 0.0 0 0.0
2 29 5 0.0 0 0.0
2 30 5 0.0 0 0.0
2 31 5 0.0 0 0.0
2 32 5 0.0 0 0.0
2 33 5 0.0 0 0.0
2 34 5 0.0 0 0.0
2 35 5 0.0 0 0.0
2 36 5 0.0 0 0.0
2 37 5 0.0 0 0.0
2 38 5 0.0 0 0.0
2 39 5 0.0 0 0.0
2 40 5 0.0 0 0.0
2 41 5 0.0 0 0.0
2 42 5 0.0 0 0.0
2 43 5 0.0 0 0.0
2 44 5 0.0 0 0.0
2 45 5 0.0 0 0.0
2 46 5 0.0 0 0.0
2 47 5 0.0 0 0.0
2 48 5 0.0 0 0.0
2 49 5 0.0 0 0.0
-999999 / C13 -- End of data for recharge period 19
2.0 1.0E-4     /C1 -- TPER, DELT (Recharge Period 20)
1.2 1.0 1.0E-5 0.1     /C2 -- TMLT, DLTMX, DLTMIN, TRED
10.0 0.0     /C3 -- DSMAX, STERR
0.0     /C4 -- POND
F     /C5 -- PRNT
F F T     /C6 -- BCIT, ETSIM, SEEP
2     /C7 -- NFCS
50 0     /C8 -- JJ, JLAST. C-9 begins next line: J, N
52 49
51 49
50 49
49 49
48 49
47 49
46 49
45 49
44 49
43 49
42 49
41 49
40 49
39 49
38 49
37 49
36 49
35 49
34 49
33 49
32 49
31 49
30 49
29 49
28 49
27 49
26 49
25 49
24 49
23 49
22 49
21 49
20 49
19 49
18 49
17 49
16 49
15 49
14 49
13 49
12 49
11 49
10 49
9 49
8 49
7 49
6 49
5 49
4 49
3 49
33 0     /C8 -- JJ, JLAST. C-9 begins next line: J, N
52 2
51 2
50 2
49 2
48 2
47 2
46 2
45 2
44 2
43 2
42 2
41 2
40 2
39 2
38 2
37 2
36 2
35 2
34 2
33 2
32 2
31 2
30 2
29 2
28 2
27 2
26 2
25 2
24 2
23 2
22 2
21 2
20 2
0     /C10 -- IBC. C11 begins next line: JJ, NN, NTX, PFDUM, (NTC, CF)
19 2 2 0.04855967 0 0.0
19 3 2 0.04855967 0 0.0
19 4 2 0.04855967 0 0.0
19 5 2 0.04855967 0 0.0
19 6 2 0.04855967 0 0.0
19 7 2 0.04855967 0 0.0
19 8 2 0.04855967 0 0.0
19 9 2 0.04855967 0 0.0
19 10 2 0.04855967 0 0.0
19 11 2 0.04855967 0 0.0
19 12 2 0.04855967 0 0.0
19 13 2 0.04855967 0 0.0
19 14 2 0.04855967 0 0.0
19 15 2 0.04855967 0 0.0
19 16 2 0.04855967 0 0.0
19 17 2 0.04855967 0 0.0
19 18 2 0.04855967 0 0.0
19 19 2 0.04855967 0 0.0
3 28 2 0.030224867 0 0.0
4 28 2 0.030224867 0 0.0
5 27 2 0.030224867 0 0.0
6 27 2 0.030224867 0 0.0
7 26 2 0.030224867 0 0.0
8 26 2 0.030224867 0 0.0
9 25 2 0.030224867 0 0.0
10 24 2 0.030224867 0 0.0
11 24 2 0.030224867 0 0.0
12 23 2 0.030224867 0 0.0
13 23 2 0.030224867 0 0.0
14 22 2 0.030224867 0 0.0
15 22 2 0.030224867 0 0.0
16 21 2 0.030224867 0 0.0
17 21 2 0.030224867 0 0.0
18 20 2 0.030224867 0 0.0
2 29 2 0.049584277 0 0.0
2 30 2 0.049584277 0 0.0
2 31 2 0.049584277 0 0.0
2 32 2 0.049584277 0 0.0
2 33 2 0.049584277 0 0.0
2 34 2 0.049584277 0 0.0
2 35 2 0.049584277 0 0.0
2 36 2 0.049584277 0 0.0
2 37 2 0.049584277 0 0.0
2 38 2 0.049584277 0 0.0
2 39 2 0.049584277 0 0.0
2 40 2 0.049584277 0 0.0
2 41 2 0.049584277 0 0.0
2 42 2 0.049584277 0 0.0
2 43 2 0.049584277 0 0.0
2 44 2 0.049584277 0 0.0
2 45 2 0.049584277 0 0.0
2 46 2 0.049584277 0 0.0
2 47 2 0.049584277 0 0.0
2 48 2 0.049584277 0 0.0
2 49 2 0.049584277 0 0.0
-999999 / C13 -- End of data for recharge period 20
30.0 1.0E-4     /C1 -- TPER, DELT (Recharge Period 21)
1.2 1.0 1.0E-5 0.1     /C2 -- TMLT, DLTMX, DLTMIN, TRED
10.0 0.0     /C3 -- DSMAX, STERR
0.0     /C4 -- POND
F     /C5 -- PRNT
T T T     /C6 -- BCIT, ETSIM, SEEP
2     /C7 -- NFCS
50 0     /C8 -- JJ, JLAST. C-9 begins next line: J, N
52 49
51 49
50 49
49 49
48 49
47 49
46 49
45 49
44 49
43 49
42 49
41 49
40 49
39 49
38 49
37 49
36 49
35 49
34 49
33 49
32 49
31 49
30 49
29 49
28 49
27 49
26 49
25 49
24 49
23 49
22 49
21 49
20 49
19 49
18 49
17 49
16 49
15 49
14 49
13 49
12 49
11 49
10 49
9 49
8 49
7 49
6 49
5 49
4 49
3 49
33 0     /C8 -- JJ, JLAST. C-9 begins next line: J, N
52 2
51 2
50 2
49 2
48 2
47 2
46 2
45 2
44 2
43 2
42 2
41 2
40 2
39 2
38 2
37 2
36 2
35 2
34 2
33 2
32 2
31 2
30 2
29 2
28 2
27 2
26 2
25 2
24 2
23 2
22 2
21 2
20 2
0     /C10 -- IBC. C11 begins next line: JJ, NN, NTX, PFDUM, (NTC, CF)
19 2 5 0.0 0 0.0
19 3 5 0.0 0 0.0
19 4 5 0.0 0 0.0
19 5 5 0.0 0 0.0
19 6 5 0.0 0 0.0
19 7 5 0.0 0 0.0
19 8 5 0.0 0 0.0
19 9 5 0.0 0 0.0
19 10 5 0.0 0 0.0
19 11 5 0.0 0 0.0
19 12 5 0.0 0 0.0
19 13 5 0.0 0 0.0
19 14 5 0.0 0 0.0
19 15 5 0.0 0 0.0
19 16 5 0.0 0 0.0
19 17 5 0.0 0 0.0
19 18 5 0.0 0 0.0
19 19 5 0.0 0 0.0
3 28 5 0.0 0 0.0
4 28 5 0.0 0 0.0
5 27 5 0.0 0 0.0
6 27 5 0.0 0 0.0
7 26 5 0.0 0 0.0
8 26 5 0.0 0 0.0
9 25 5 0.0 0 0.0
10 24 5 0.0 0 0.0
11 24 5 0.0 0 0.0
12 23 5 0.0 0 0.0
13 23 5 0.0 0 0.0
14 22 5 0.0 0 0.0
15 22 5 0.0 0 0.0
16 21 5 0.0 0 0.0
17 21 5 0.0 0 0.0
18 20 5 0.0 0 0.0
2 29 5 0.0 0 0.0
2 30 5 0.0 0 0.0
2 31 5 0.0 0 0.0
2 32 5 0.0 0 0.0
2 33 5 0.0 0 0.0
2 34 5 0.0 0 0.0
2 35 5 0.0 0 0.0
2 36 5 0.0 0 0.0
2 37 5 0.0 0 0.0
2 38 5 0.0 0 0.0
2 39 5 0.0 0 0.0
2 40 5 0.0 0 0.0
2 41 5 0.0 0 0.0
2 42 5 0.0 0 0.0
2 43 5 0.0 0 0.0
2 44 5 0.0 0 0.0
2 45 5 0.0 0 0.0
2 46 5 0.0 0 0.0
2 47 5 0.0 0 0.0
2 48 5 0.0 0 0.0
2 49 5 0.0 0 0.0
-999999 / C13 -- End of data for recharge period 21
-999999 / End of input data file
